436 436
8931 8931
1640 1640
2284 2284
6730 6730
2434 2434
7279 7279
9941 9941
3483 3483
6629 6629
5481 5481
8707 8707
6987 6987
486 486
1074 1074
4605 4605
358 358
5286 5286
9744 9744
9489 9489
3701 3701
6051 6051
7151 7151
5886 5886
1579 1579
5300 5300
6007 6007
136 136
9314 9314
3714 3714
7029 7029
3394 3394
4621 4621
4957 4957
7759 7759
5589 5589
9081 9081
2552 2552
9034 9034
3436 3436
6667 6667
8112 8112
2123 2123
3849 3849
2463 2463
3574 3574
5977 5977
1050 1050
6949 6949
4192 4192
5502 5502
9996 9996
9718 9718
4503 4503
3616 3616
9841 9841
5559 5559
2836 2836
3218 3218
1694 1694
8462 8462
6394 6394
6742 6742
2536 2536
4785 4785
106 106
2434 2434
3042 3042
6859 6859
8207 8207
2336 2336
4438 4438
9119 9119
876 876
6160 6160
1657 1657
3951 3951
758 758
2338 2338
8575 8575
55 55
5956 5956
9530 9530
1298 1298
1348 1348
4640 4640
3906 3906
4429 4429
7746 7746
1110 1110
4349 4349
9849 9849
5202 5202
9120 9120
4193 4193
2860 2860
4101 4101
8330 8330
3453 3453
9792 9792
5482 5482
812 812
920 920
9884 9884
5005 5005
3540 3540
3139 3139
71 71
4580 4580
2043 2043
4109 4109
9278 9278
442 442
4469 4469
2192 2192
2856 2856
5084 5084
5197 5197
6368 6368
7856 7856
6399 6399
1503 1503
6096 6096
3926 3926
1670 1670
5595 5595
6641 6641
6814 6814
7034 7034
8664 8664
5529 5529
3583 3583
490 490
4391 4391
6593 6593
1592 1592
234 234
6809 6809
4393 4393
5744 5744
442 442
6216 6216
9538 9538
8988 8988
386 386
1616 1616
250 250
8765 8765
5013 5013
4830 4830
7066 7066
9027 9027
7770 7770
844 844
2745 2745
6459 6459
6006 6006
5221 5221
1609 1609
6834 6834
3106 3106
6570 6570
3852 3852
7276 7276
6928 6928
4439 4439
3516 3516
402 402
3415 3415
3961 3961
3421 3421
3318 3318
5574 5574
1935 1935
2524 2524
1396 1396
8847 8847
3965 3965
629 629
1566 1566
9741 9741
4754 4754
3503 3503
5444 5444
760 760
4227 4227
3594 3594
1780 1780
9579 9579
7241 7241
4406 4406
1268 1268
942 942
7114 7114
5929 5929
5952 5952
4020 4020
3222 3222
9142 9142
6604 6604
7856 7856
7922 7922
1234 1234
5631 5631
8757 8757
3260 3260
8698 8698
5948 5948
2075 2075
5825 5825
4810 4810
3874 3874
7137 7137
5338 5338
8440 8440
1814 1814
2821 2821
3570 3570
7393 7393
8009 8009
5954 5954
1859 1859
9654 9654
3678 3678
5490 5490
8118 8118
2126 2126
37 37
516 516
2550 2550
1208 1208
7074 7074
6792 6792
3780 3780
4431 4431
567 567
5860 5860
9636 9636
4663 4663
8929 8929
4193 4193
7209 7209
3018 3018
469 469
9984 9984
5370 5370
3718 3718
5385 5385
358 358
4480 4480
5358 5358
1741 1741
6108 6108
2577 2577
7873 7873
2154 2154
7840 7840
2628 2628
3157 3157
3587 3587
3070 3070
9423 9423
8087 8087
3837 3837
5599 5599
410 410
7681 7681
5065 5065
2890 2890
5428 5428
2129 2129
1761 1761
3311 3311
201 201
7834 7834
9752 9752
5187 5187
154 154
1817 1817
9855 9855
310 310
4271 4271
9327 9327
6271 6271
8959 8959
9420 9420
7418 7418
8321 8321
4042 4042
7550 7550
4716 4716
9703 9703
2317 2317
277 277
9331 9331
9424 9424
6201 6201
196 196
1582 1582
5149 5149
2380 2380
7023 7023
260 260
9095 9095
390 390
8203 8203
5139 5139
7533 7533
8172 8172
1138 1138
6978 6978
2517 2517
9299 9299
7165 7165
6107 6107
3279 3279
7991 7991
6601 6601
5394 5394
8163 8163
3065 3065
3144 3144
2645 2645
3492 3492
8929 8929
5700 5700
1784 1784
5551 5551
278 278
4242 4242
2157 2157
5362 5362
8850 8850
9706 9706
8853 8853
2871 2871
2095 2095
2535 2535
7463 7463
9444 9444
4830 4830
1675 1675
3105 3105
7491 7491
8997 8997
8534 8534
968 968
9201 9201
3898 3898
7107 7107
3431 3431
7012 7012
4640 4640
2569 2569
70 70
3844 3844
2709 2709
1293 1293
3028 3028
807 807
6813 6813
619 619
1865 1865
2567 2567
5774 5774
9599 9599
2048 2048
3878 3878
3449 3449
5380 5380
4778 4778
5469 5469
6419 6419
992 992
897 897
2716 2716
1193 1193
4677 4677
7399 7399
5811 5811
8991 8991
8219 8219
1870 1870
2317 2317
6806 6806
9297 9297
1937 1937
7231 7231
6770 6770
8111 8111
7915 7915
2538 2538
1365 1365
7733 7733
869 869
3593 3593
5508 5508
6309 6309
1227 1227
7294 7294
5112 5112
7084 7084
5410 5410
3469 3469
141 141
1279 1279
8432 8432
6163 6163
8471 8471
1679 1679
715 715
6251 6251
7465 7465
9354 9354
9004 9004
6499 6499
5984 5984
2912 2912
1125 1125
4113 4113
8746 8746
1256 1256
7510 7510
4522 4522
591 591
1573 1573
7182 7182
8831 8831
4870 4870
7011 7011
7835 7835
3833 3833
1474 1474
7650 7650
3517 3517
8944 8944
888 888
4920 4920
7879 7879
2891 2891
4152 4152
2968 2968
4972 4972
4330 4330
6163 6163
115 115
9943 9943
5474 5474
8745 8745
3330 3330
5123 5123
604 604
7578 7578
1208 1208
3897 3897
1990 1990
3675 3675
1265 1265
2297 2297
6587 6587
5705 5705
2154 2154
2998 2998
634 634
7160 7160
8458 8458
3386 3386
4586 4586
8586 8586
697 697
5118 5118
8309 8309
8486 8486
6482 6482
5557 5557
7062 7062
435 435
7952 7952
3567 3567
1353 1353
1565 1565
9098 9098
1984 1984
5188 5188
5441 5441
8141 8141
7513 7513
9231 9231
7117 7117
7868 7868
9002 9002
1740 1740
1104 1104
358 358
9953 9953
5611 5611
3580 3580
5172 5172
6739 6739
1752 1752
2313 2313
9643 9643
6802 6802
3857 3857
4890 4890
3337 3337
6268 6268
1222 1222
570 570
809 809
228 228
4236 4236
7724 7724
3704 3704
390 390
4934 4934
6505 6505
5911 5911
2030 2030
766 766
2309 2309
6934 6934
4846 4846
8854 8854
8613 8613
4191 4191
1265 1265
8952 8952
6219 6219
5648 5648
9062 9062
1465 1465
6307 6307
8160 8160
9962 9962
8227 8227
7120 7120
6145 6145
103 103
4450 4450
5861 5861
7415 7415
8548 8548
9745 9745
7504 7504
7726 7726
977 977
2837 2837
2596 2596
4125 4125
3417 3417
7505 7505
6541 6541
2726 2726
1839 1839
5945 5945
9915 9915
5503 5503
3522 3522
6793 6793
6141 6141
6910 6910
1815 1815
5509 5509
2123 2123
4405 4405
4496 4496
8956 8956
5085 5085
4906 4906
7652 7652
2426 2426
4665 4665
7455 7455
3447 3447
6533 6533
3859 3859
5697 5697
9492 9492
9290 9290
9014 9014
3456 3456
4069 4069
2602 2602
6933 6933
576 576
1222 1222
5373 5373
5338 5338
3182 3182
9559 9559
1352 1352
6946 6946
1190 1190
2693 2693
3071 3071
6563 6563
5660 5660
3360 3360
8784 8784
3635 3635
3965 3965
1657 1657
165 165
967 967
6071 6071
5058 5058
4035 4035
5316 5316
4184 4184
9528 9528
504 504
9378 9378
7557 7557
8214 8214
3698 3698
5098 5098
6235 6235
6407 6407
3130 3130
9943 9943
3578 3578
2416 2416
1498 1498
1395 1395
3244 3244
1762 1762
8494 8494
1382 1382
8257 8257
7030 7030
4004 4004
6015 6015
4367 4367
5644 5644
3406 3406
8174 8174
3281 3281
6347 6347
5504 5504
8989 8989
5082 5082
3560 3560
3842 3842
4545 4545
6860 6860
3698 3698
2746 2746
1530 1530
4867 4867
8021 8021
9735 9735
1823 1823
4907 4907
6833 6833
8573 8573
2977 2977
5564 5564
9208 9208
5799 5799
2708 2708
9673 9673
3241 3241
6480 6480
1485 1485
4230 4230
6901 6901
4395 4395
8548 8548
4742 4742
5763 5763
5904 5904
1815 1815
4844 4844
1391 1391
9300 9300
5484 5484
502 502
2649 2649
6821 6821
6369 6369
3199 3199
1869 1869
9988 9988
5252 5252
2471 2471
9534 9534
2296 2296
2184 2184
4519 4519
5751 5751
8058 8058
4592 4592
5167 5167
9136 9136
6974 6974
6143 6143
1910 1910
521 521
8243 8243
5155 5155
5947 5947
3354 3354
5499 5499
9965 9965
1351 1351
7824 7824
6483 6483
341 341
9376 9376
5942 5942
6419 6419
3209 3209
8418 8418
1221 1221
1921 1921
1815 1815
1299 1299
1959 1959
4536 4536
6268 6268
8560 8560
7051 7051
7019 7019
3771 3771
9815 9815
3889 3889
309 309
1125 1125
9097 9097
1993 1993
7146 7146
1714 1714
5079 5079
2307 2307
9581 9581
9604 9604
9199 9199
6068 6068
2831 2831
2834 2834
5032 5032
8776 8776
7502 7502
7590 7590
6592 6592
8912 8912
5032 5032
7730 7730
1587 1587
5368 5368
5814 5814
5741 5741
8923 8923
2614 2614
59 59
9338 9338
8277 8277
3964 3964
1646 1646
2786 2786
3006 3006
9537 9537
9310 9310
3480 3480
9933 9933
4756 4756
7558 7558
9748 9748
8637 8637
4460 4460
9960 9960
6709 6709
9788 9788
7164 7164
2625 2625
9792 9792
701 701
4515 4515
1069 1069
1885 1885
9912 9912
9811 9811
6960 6960
2391 2391
6300 6300
8140 8140
559 559
7209 7209
8118 8118
2390 2390
5927 5927
3928 3928
4293 4293
6820 6820
3210 3210
3929 3929
929 929
7716 7716
3243 3243
2552 2552
2374 2374
5376 5376
8978 8978
4743 4743
7687 7687
5404 5404
2889 2889
8349 8349
2936 2936
8376 8376
432 432
8621 8621
1874 1874
304 304
8698 8698
2062 2062
8377 8377
8263 8263
1132 1132
889 889
7656 7656
6901 6901
1588 1588
6266 6266
4711 4711
4741 4741
4200 4200
7358 7358
430 430
4617 4617
5137 5137
4550 4550
2501 2501
6168 6168
8737 8737
5819 5819
5415 5415
3454 3454
5310 5310
4805 4805
9602 9602
5824 5824
6171 6171
5350 5350
2839 2839
9531 9531
4239 4239
8085 8085
6945 6945
9436 9436
6976 6976
1270 1270
6781 6781
5382 5382
9068 9068
5824 5824
3494 3494
8520 8520
6153 6153
5551 5551
7022 7022
6408 6408
7969 7969
2523 2523
3920 3920
9132 9132
2181 2181
5178 5178
9996 9996
326 326
3812 3812
4134 4134
4123 4123
4878 4878
7245 7245
3945 3945
1571 1571
4809 4809
4608 4608
9695 9695
4245 4245
5492 5492
5404 5404
6394 6394
7672 7672
4988 4988
1370 1370
9271 9271
9447 9447
370 370
4517 4517
3747 3747
905 905
3285 3285
5269 5269
2369 2369
7711 7711
1371 1371
8075 8075
2776 2776
2058 2058
5267 5267
4036 4036
4413 4413
1906 1906
5485 5485
5061 5061
7034 7034
5417 5417
5006 5006
5773 5773
3944 3944
3398 3398
8084 8084
7585 7585
4141 4141
815 815
4296 4296
4384 4384
8548 8548
6655 6655
6765 6765
6604 6604
1153 1153
4541 4541
3870 3870
6710 6710
4429 4429
2807 2807
9441 9441
9048 9048
6783 6783
6939 6939
5164 5164
8376 8376
1403 1403
481 481
5007 5007
8440 8440
9535 9535
1513 1513
9403 9403
471 471
6742 6742
6252 6252
3223 3223
1013 1013
3444 3444
1577 1577
9254 9254
3234 3234
8635 8635
2899 2899
1304 1304
5742 5742
9257 9257
1056 1056
1932 1932
2830 2830
2623 2623
7513 7513
252 252
9843 9843
5164 5164
9462 9462
688 688
6957 6957
3687 3687
5699 5699
4777 4777
9874 9874
556 556
932 932
3670 3670
8167 8167
6498 6498
3496 3496
3164 3164
9377 9377
937 937
5578 5578
1644 1644
7109 7109
1029 1029
947 947
3875 3875
9185 9185
1303 1303
273 273
581 581
9846 9846
8759 8759
6581 6581
1814 1814
5497 5497
7268 7268
3850 3850
3451 3451
6308 6308
6641 6641
6099 6099
8974 8974
8255 8255
6400 6400
8203 8203
7420 7420
7463 7463
8366 8366
5472 5472
4068 4068
8565 8565
2312 2312
5486 5486
7214 7214
7588 7588
5448 5448
9470 9470
1425 1425
8890 8890
1510 1510
5589 5589
4494 4494
7619 7619
4545 4545
7191 7191
9650 9650
1494 1494
3503 3503
3329 3329
2059 2059
6495 6495
644 644
7995 7995
163 163
1013 1013
3680 3680
3597 3597
4898 4898
6548 6548
8724 8724
7033 7033
9587 9587
9905 9905
5786 5786
182 182
5048 5048
6785 6785
6522 6522
319 319
7332 7332
1582 1582
2747 2747
5937 5937
7390 7390
5844 5844
606 606
7156 7156
68 68
4027 4027
3914 3914
9116 9116
4196 4196
6364 6364
4205 4205
6164 6164
138 138
8855 8855
2704 2704
6388 6388
2583 2583
2129 2129
1302 1302
7831 7831
7881 7881
2845 2845
4870 4870
6624 6624
5031 5031
7489 7489
2152 2152
1165 1165
5014 5014
2734 2734
1025 1025
8650 8650
1792 1792
9350 9350
6098 6098
4774 4774
9959 9959
1691 1691
2491 2491
7819 7819
9456 9456
6055 6055
738 738
5778 5778
8084 8084
2450 2450
7547 7547
6656 6656
6159 6159
9138 9138
572 572
1466 1466
7180 7180
8075 8075
421 421
1899 1899
440 440
5689 5689
5792 5792
4308 4308
1614 1614
2405 2405
6862 6862
6362 6362
5035 5035
8107 8107
9210 9210
9997 9997
8703 8703
7101 7101
4199 4199
7686 7686
9142 9142
8140 8140
6118 6118
4129 4129
1798 1798
2392 2392
8513 8513
7045 7045
7046 7046
3222 3222
6493 6493
5424 5424
6002 6002
8218 8218
1741 1741
421 421
4254 4254
3465 3465
4340 4340
6230 6230
5304 5304
1939 1939
7829 7829
6389 6389
9854 9854
6613 6613
5929 5929
3538 3538
8853 8853
5091 5091
7520 7520
7105 7105
6722 6722
3484 3484
2500 2500
7818 7818
1529 1529
2509 2509
77 77
8635 8635
1860 1860
430 430
1115 1115
7858 7858
9330 9330
117 117
5464 5464
7623 7623
3486 3486
5506 5506
6332 6332
4881 4881
6299 6299
4873 4873
1436 1436
4309 4309
3900 3900
9931 9931
5345 5345
4434 4434
5308 5308
3570 3570
8597 8597
9750 9750
3810 3810
6527 6527
9761 9761
3049 3049
3935 3935
6219 6219
3959 3959
8878 8878
709 709
4176 4176
7498 7498
8530 8530
9731 9731
4783 4783
7267 7267
1671 1671
2847 2847
979 979
9776 9776
7854 7854
8372 8372
8385 8385
7765 7765
4895 4895
6770 6770
6141 6141
5169 5169
7419 7419
6210 6210
3389 3389
5565 5565
20 20
6777 6777
6545 6545
7672 7672
1680 1680
5484 5484
788 788
1855 1855
7098 7098
1679 1679
9704 9704
9377 9377
2146 2146
5362 5362
4851 4851
9705 9705
9490 9490
7265 7265
2200 2200
4787 4787
8950 8950
5395 5395
8889 8889
7581 7581
723 723
2948 2948
381 381
99 99
1206 1206
1182 1182
8946 8946
6679 6679
6099 6099
4523 4523
1343 1343
7289 7289
3561 3561
5117 5117
2649 2649
2455 2455
5564 5564
6276 6276
7414 7414
6800 6800
3411 3411
4152 4152
2044 2044
2467 2467
4945 4945
4284 4284
6026 6026
4441 4441
3991 3991
6977 6977
7183 7183
1895 1895
2242 2242
9583 9583
627 627
2649 2649
7276 7276
7320 7320
7752 7752
7411 7411
8468 8468
2455 2455
4158 4158
7268 7268
7554 7554
7905 7905
7122 7122
8137 8137
1819 1819
2954 2954
5545 5545
3669 3669
7591 7591
4962 4962
2040 2040
98 98
2620 2620
5828 5828
4391 4391
8359 8359
4732 4732
4791 4791
9583 9583
3318 3318
4845 4845
5279 5279
1911 1911
7955 7955
8426 8426
3759 3759
5943 5943
9124 9124
5697 5697
9890 9890
9481 9481
8999 8999
5424 5424
9661 9661
932 932
7259 7259
4115 4115
1299 1299
8606 8606
7804 7804
2965 2965
8710 8710
9495 9495
6836 6836
2423 2423
9195 9195
8579 8579
7017 7017
9121 9121
8148 8148
4834 4834
8830 8830
9947 9947
7900 7900
3354 3354
8467 8467
3183 3183
7067 7067
6533 6533
208 208
2937 2937
9585 9585
4887 4887
8153 8153
63 63
7296 7296
8498 8498
1489 1489
2506 2506
5389 5389
7834 7834
5579 5579
7317 7317
4835 4835
8236 8236
4930 4930
8568 8568
70 70
1549 1549
9314 9314
457 457
8016 8016
8830 8830
5626 5626
570 570
9044 9044
4294 4294
6746 6746
2674 2674
8260 8260
2097 2097
3635 3635
3803 3803
1333 1333
3060 3060
2245 2245
2408 2408
1680 1680
5630 5630
6184 6184
789 789
8339 8339
1229 1229
534 534
7381 7381
9228 9228
754 754
7977 7977
7761 7761
8554 8554
9789 9789
3927 3927
2787 2787
3908 3908
2943 2943
8478 8478
3348 3348
4669 4669
8076 8076
5667 5667
2316 2316
5979 5979
2998 2998
1784 1784
4815 4815
9660 9660
5774 5774
2228 2228
2188 2188
5789 5789
3612 3612
7601 7601
2899 2899
3513 3513
7553 7553
9564 9564
8743 8743
2124 2124
1670 1670
9731 9731
3258 3258
4354 4354
3852 3852
3688 3688
3870 3870
3700 3700
1995 1995
9680 9680
2256 2256
3877 3877
8042 8042
3243 3243
9492 9492
9123 9123
8444 8444
9077 9077
3393 3393
9923 9923
6730 6730
8261 8261
3135 3135
9702 9702
3768 3768
8726 8726
1737 1737
8629 8629
6944 6944
7485 7485
6964 6964
1749 1749
6616 6616
7807 7807
882 882
3284 3284
9327 9327
5734 5734
2083 2083
8976 8976
7775 7775
3301 3301
4210 4210
8218 8218
1454 1454
8978 8978
1409 1409
4285 4285
6041 6041
8388 8388
3831 3831
9094 9094
4430 4430
7187 7187
7548 7548
1044 1044
1101 1101
3996 3996
7852 7852
1104 1104
2195 2195
8343 8343
818 818
2497 2497
5955 5955
3625 3625
3058 3058
8164 8164
6271 6271
160 160
7187 7187
3913 3913
8803 8803
5190 5190
7100 7100
5410 5410
9040 9040
2804 2804
6317 6317
1582 1582
836 836
1507 1507
4682 4682
7860 7860
8463 8463
9905 9905
1575 1575
9987 9987
2658 2658
2904 2904
3957 3957
3722 3722
3561 3561
3070 3070
9640 9640
4080 4080
6995 6995
4980 4980
8668 8668
5879 5879
4282 4282
6464 6464
508 508
9729 9729
2832 2832
9830 9830
3732 3732
8426 8426
2560 2560
4126 4126
5114 5114
5240 5240
2716 2716
2181 2181
8006 8006
4300 4300
9706 9706
4300 4300
7359 7359
5636 5636
7324 7324
9231 9231
4589 4589
5282 5282
2432 2432
870 870
4953 4953
3168 3168
8851 8851
6388 6388
4231 4231
2847 2847
7070 7070
9026 9026
9972 9972
5348 5348
8894 8894
7148 7148
7195 7195
7610 7610
9863 9863
5385 5385
7626 7626
6335 6335
9283 9283
2017 2017
9859 9859
5119 5119
3134 3134
8723 8723
209 209
942 942
6869 6869
6320 6320
8021 8021
9911 9911
8755 8755
4658 4658
9295 9295
7011 7011
8254 8254
2571 2571
1159 1159
9721 9721
6829 6829
3384 3384
3635 3635
8133 8133
4048 4048
2100 2100
2190 2190
4314 4314
3540 3540
5438 5438
7381 7381
3554 3554
5778 5778
3111 3111
2273 2273
8306 8306
2947 2947
2926 2926
5110 5110
3712 3712
5504 5504
4756 4756
8368 8368
1782 1782
2635 2635
461 461
7200 7200
3766 3766
5413 5413
6331 6331
422 422
9011 9011
2098 2098
3894 3894
8106 8106
2475 2475
915 915
7108 7108
7747 7747
6419 6419
2848 2848
7965 7965
7887 7887
4811 4811
7446 7446
2219 2219
5996 5996
9693 9693
6248 6248
2406 2406
4291 4291
644 644
2506 2506
2011 2011
4764 4764
3539 3539
3336 3336
1163 1163
267 267
3287 3287
2150 2150
4079 4079
8943 8943
3617 3617
6672 6672
5182 5182
4764 4764
4393 4393
9672 9672
7212 7212
4146 4146
5970 5970
5238 5238
3015 3015
8682 8682
1555 1555
536 536
2859 2859
1900 1900
4629 4629
3730 3730
4216 4216
9328 9328
278 278
5567 5567
9439 9439
3005 3005
3008 3008
1142 1142
4331 4331
7727 7727
8027 8027
4334 4334
3928 3928
9959 9959
8636 8636
6299 6299
2837 2837
7005 7005
8549 8549
4048 4048
8214 8214
3848 3848
7917 7917
9067 9067
6230 6230
512 512
1262 1262
1489 1489
4571 4571
6741 6741
6525 6525
2247 2247
4516 4516
6359 6359
8760 8760
4063 4063
9818 9818
1710 1710
9190 9190
50 50
6657 6657
7304 7304
4946 4946
2041 2041
6317 6317
5100 5100
8524 8524
9391 9391
9937 9937
5419 5419
7029 7029
6118 6118
4359 4359
1789 1789
2228 2228
1790 1790
2975 2975
3393 3393
7724 7724
2173 2173
2763 2763
5013 5013
9424 9424
634 634
7199 7199
1662 1662
6009 6009
3196 3196
4554 4554
8217 8217
2666 2666
3821 3821
3170 3170
1015 1015
6382 6382
6671 6671
201 201
120 120
683 683
9585 9585
1261 1261
6680 6680
10 10
1251 1251
7961 7961
3574 3574
1236 1236
229 229
3945 3945
8535 8535
8755 8755
5609 5609
7613 7613
2394 2394
1585 1585
6590 6590
118 118
9440 9440
7336 7336
2998 2998
646 646
4402 4402
1216 1216
6141 6141
8670 8670
9726 9726
1032 1032
6233 6233
7260 7260
6533 6533
9082 9082
2274 2274
8664 8664
84 84
1805 1805
2561 2561
532 532
2343 2343
5159 5159
131 131
3525 3525
2367 2367
3037 3037
2347 2347
9008 9008
8006 8006
3963 3963
6788 6788
3195 3195
2806 2806
4522 4522
5813 5813
1524 1524
8971 8971
5533 5533
7530 7530
7009 7009
2849 2849
7589 7589
2042 2042
23 23
2246 2246
9953 9953
8675 8675
3579 3579
6415 6415
2779 2779
2199 2199
2312 2312
4594 4594
8722 8722
5925 5925
1585 1585
2419 2419
3224 3224
3226 3226
7181 7181
530 530
1442 1442
6571 6571
6628 6628
2841 2841
3656 3656
3781 3781
60 60
1373 1373
4321 4321
70 70
2618 2618
5643 5643
5317 5317
4266 4266
1353 1353
1898 1898
8231 8231
470 470
8935 8935
425 425
5396 5396
9704 9704
394 394
8850 8850
4861 4861
8026 8026
9580 9580
3998 3998
2919 2919
7184 7184
9582 9582
4875 4875
159 159
4664 4664
752 752
6356 6356
5930 5930
7993 7993
1062 1062
1442 1442
8996 8996
578 578
8926 8926
1240 1240
1336 1336
5645 5645
8706 8706
1754 1754
4409 4409
444 444
5328 5328
4817 4817
8202 8202
9569 9569
2725 2725
8080 8080
6771 6771
4420 4420
2272 2272
4403 4403
4725 4725
8722 8722
1126 1126
7595 7595
9300 9300
5721 5721
5086 5086
2664 2664
8590 8590
35 35
6409 6409
9879 9879
2945 2945
1692 1692
1153 1153
7608 7608
8358 8358
1427 1427
5396 5396
9257 9257
9418 9418
5536 5536
8248 8248
7402 7402
3697 3697
4150 4150
1314 1314
3498 3498
8873 8873
3917 3917
2632 2632
3180 3180
1713 1713
2266 2266
2444 2444
553 553
6730 6730
3742 3742
8698 8698
3944 3944
6843 6843
3827 3827
9120 9120
3383 3383
806 806
6029 6029
77 77
5742 5742
757 757
5301 5301
78 78
8642 8642
3320 3320
1979 1979
705 705
5799 5799
5708 5708
7319 7319
5741 5741
5182 5182
2536 2536
5738 5738
6166 6166
4412 4412
3663 3663
4130 4130
3697 3697
9344 9344
908 908
1856 1856
3174 3174
841 841
6209 6209
5956 5956
3017 3017
7986 7986
2475 2475
2098 2098
9477 9477
4413 4413
265 265
9270 9270
6259 6259
5022 5022
9255 9255
1624 1624
8637 8637
254 254
2284 2284
9397 9397
3693 3693
3232 3232
6256 6256
6728 6728
6403 6403
2130 2130
1790 1790
8194 8194
3111 3111
675 675
2107 2107
7222 7222
7975 7975
6238 6238
7482 7482
8190 8190
1151 1151
3887 3887
1550 1550
543 543
2059 2059
2257 2257
7054 7054
7529 7529
6492 6492
4009 4009
4478 4478
7655 7655
5571 5571
6539 6539
2211 2211
3012 3012
8219 8219
49 49
4718 4718
6100 6100
9666 9666
2120 2120
5026 5026
3642 3642
4794 4794
1561 1561
2276 2276
1948 1948
2967 2967
2870 2870
144 144
6252 6252
1798 1798
2767 2767
3102 3102
1864 1864
1173 1173
3158 3158
9793 9793
9639 9639
3874 3874
628 628
9725 9725
8286 8286
6566 6566
1883 1883
2721 2721
1926 1926
4045 4045
9110 9110
1371 1371
9611 9611
7256 7256
7236 7236
8573 8573
8028 8028
1754 1754
8453 8453
6944 6944
6656 6656
6521 6521
2750 2750
8686 8686
8285 8285
5907 5907
8024 8024
2208 2208
825 825
8884 8884
7153 7153
9908 9908
3337 3337
4491 4491
4164 4164
5146 5146
5742 5742
6759 6759
9448 9448
7085 7085
8048 8048
3369 3369
5076 5076
6903 6903
6517 6517
4827 4827
1258 1258
9292 9292
8588 8588
8323 8323
9963 9963
4316 4316
9419 9419
1036 1036
2637 2637
5655 5655
7943 7943
8859 8859
1120 1120
9666 9666
2582 2582
3167 3167
8310 8310
9366 9366
2707 2707
2310 2310
3917 3917
4927 4927
6262 6262
2649 2649
3906 3906
8581 8581
6318 6318
3456 3456
4599 4599
4235 4235
5971 5971
399 399
9170 9170
9764 9764
2886 2886
3740 3740
1393 1393
598 598
6189 6189
2333 2333
6046 6046
7163 7163
8133 8133
1979 1979
7766 7766
9800 9800
2553 2553
7883 7883
3830 3830
560 560
8623 8623
7708 7708
7112 7112
9334 9334
9194 9194
5958 5958
2396 2396
6978 6978
5666 5666
329 329
848 848
2822 2822
7260 7260
5475 5475
7398 7398
3320 3320
9452 9452
6589 6589
1150 1150
4497 4497
8091 8091
7822 7822
6539 6539
845 845
2382 2382
7188 7188
5044 5044
6842 6842
677 677
5830 5830
1929 1929
7234 7234
3611 3611
3175 3175
8759 8759
7322 7322
5769 5769
6327 6327
1469 1469
2719 2719
4682 4682
6689 6689
7594 7594
5129 5129
2241 2241
4136 4136
1803 1803
5938 5938
1227 1227
3354 3354
3624 3624
276 276
4755 4755
2208 2208
11 11
7729 7729
242 242
4437 4437
9779 9779
2771 2771
9153 9153
444 444
5604 5604
8685 8685
4280 4280
3651 3651
5713 5713
5395 5395
628 628
3658 3658
1136 1136
3396 3396
510 510
5031 5031
7103 7103
9528 9528
8523 8523
1079 1079
7147 7147
1703 1703
190 190
6175 6175
5937 5937
3826 3826
8987 8987
6166 6166
2257 2257
9395 9395
918 918
2103 2103
7584 7584
8760 8760
3006 3006
2123 2123
1807 1807
3846 3846
3812 3812
1775 1775
2010 2010
1539 1539
1473 1473
6964 6964
2873 2873
3217 3217
8021 8021
3597 3597
9195 9195
4285 4285
6131 6131
7132 7132
7445 7445
7148 7148
8995 8995
6049 6049
853 853
4175 4175
755 755
1704 1704
3985 3985
3883 3883
4564 4564
9935 9935
8729 8729
1890 1890
4936 4936
5681 5681
5429 5429
5277 5277
5505 5505
741 741
8914 8914
590 590
8141 8141
388 388
9024 9024
20 20
9958 9958
9148 9148
6746 6746
9758 9758
2941 2941
8774 8774
3679 3679
8984 8984
820 820
3279 3279
9715 9715
6635 6635
6616 6616
2962 2962
2644 2644
7846 7846
3694 3694
3678 3678
4063 4063
3673 3673
9171 9171
8663 8663
7274 7274
6717 6717
1405 1405
1390 1390
309 309
9199 9199
8109 8109
1438 1438
4220 4220
4901 4901
178 178
4272 4272
9745 9745
8783 8783
5056 5056
6956 6956
4762 4762
1028 1028
7709 7709
1949 1949
4893 4893
6671 6671
5268 5268
9103 9103
7517 7517
1646 1646
1444 1444
8396 8396
7661 7661
5436 5436
4144 4144
2364 2364
4453 4453
8587 8587
5951 5951
9949 9949
9523 9523
3580 3580
7933 7933
9805 9805
6716 6716
6474 6474
7648 7648
4767 4767
1480 1480
8395 8395
8812 8812
5321 5321
2601 2601
3309 3309
542 542
4904 4904
3975 3975
7657 7657
7695 7695
4725 4725
2837 2837
6243 6243
2291 2291
5491 5491
8102 8102
7614 7614
220 220
6322 6322
1870 1870
4425 4425
8685 8685
1673 1673
8536 8536
6349 6349
6566 6566
8272 8272
2770 2770
2653 2653
8335 8335
6806 6806
1819 1819
9371 9371
2212 2212
9573 9573
6600 6600
8077 8077
6401 6401
8726 8726
2984 2984
7288 7288
6626 6626
6196 6196
3108 3108
1814 1814
2751 2751
9129 9129
1352 1352
303 303
6058 6058
5709 5709
7420 7420
3270 3270
9750 9750
4189 4189
271 271
1685 1685
6407 6407
8878 8878
3261 3261
5962 5962
8294 8294
6427 6427
8220 8220
3564 3564
6417 6417
1817 1817
4824 4824
3938 3938
2607 2607
879 879
7101 7101
9735 9735
9764 9764
3276 3276
9376 9376
9896 9896
2311 2311
6521 6521
1978 1978
4224 4224
2829 2829
6440 6440
1375 1375
7364 7364
9056 9056
6600 6600
8792 8792
4121 4121
9043 9043
6979 6979
6326 6326
8740 8740
8495 8495
4515 4515
52 52
1796 1796
643 643
2567 2567
817 817
3536 3536
8677 8677
6760 6760
6483 6483
3441 3441
3117 3117
3418 3418
6902 6902
40 40
7471 7471
3592 3592
9794 9794
7883 7883
7627 7627
6488 6488
5461 5461
8533 8533
3365 3365
8032 8032
1252 1252
7499 7499
8846 8846
6463 6463
2731 2731
3770 3770
3554 3554
6813 6813
7195 7195
9905 9905
8690 8690
2034 2034
6398 6398
8481 8481
8466 8466
1646 1646
7296 7296
3872 3872
8561 8561
7533 7533
4919 4919
2540 2540
1395 1395
6203 6203
6759 6759
1611 1611
7837 7837
3227 3227
6319 6319
5747 5747
3818 3818
9746 9746
3706 3706
9496 9496
1061 1061
4803 4803
6078 6078
6718 6718
966 966
7801 7801
9904 9904
4726 4726
1408 1408
7492 7492
4158 4158
4461 4461
6496 6496
4414 4414
2626 2626
1896 1896
5168 5168
1740 1740
1364 1364
5836 5836
3903 3903
8397 8397
2853 2853
2185 2185
2498 2498
3567 3567
9940 9940
5301 5301
6862 6862
2410 2410
5888 5888
1259 1259
5102 5102
1993 1993
4428 4428
9807 9807
5771 5771
3131 3131
3272 3272
4761 4761
3490 3490
1130 1130
2606 2606
549 549
9558 9558
4614 4614
2059 2059
6646 6646
5551 5551
6849 6849
5075 5075
9405 9405
3247 3247
886 886
5694 5694
3824 3824
5920 5920
8065 8065
693 693
3004 3004
6275 6275
138 138
7782 7782
8615 8615
2365 2365
2078 2078
3830 3830
2581 2581
8291 8291
6471 6471
1714 1714
4390 4390
7611 7611
2657 2657
4251 4251
8275 8275
7570 7570
3736 3736
691 691
5995 5995
7562 7562
4049 4049
3657 3657
9694 9694
8065 8065
8831 8831
8322 8322
4431 4431
4296 4296
4940 4940
8185 8185
2580 2580
3862 3862
1549 1549
4880 4880
976 976
3781 3781
9026 9026
6383 6383
2977 2977
9095 9095
6535 6535
657 657
7896 7896
7296 7296
4147 4147
4718 4718
6702 6702
8806 8806
9197 9197
4198 4198
3390 3390
6851 6851
7176 7176
949 949
3592 3592
4850 4850
6003 6003
6872 6872
1155 1155
1389 1389
7695 7695
6462 6462
8209 8209
7657 7657
3738 3738
8113 8113
3338 3338
2664 2664
110 110
2643 2643
8873 8873
1891 1891
7715 7715
316 316
9312 9312
8678 8678
5230 5230
6105 6105
1664 1664
2555 2555
9803 9803
4380 4380
8847 8847
3400 3400
1365 1365
3634 3634
8316 8316
7310 7310
7099 7099
7242 7242
1705 1705
6771 6771
9549 9549
8813 8813
2256 2256
2076 2076
8376 8376
4262 4262
6239 6239
5913 5913
5232 5232
6681 6681
1762 1762
9956 9956
5095 5095
3614 3614
4082 4082
7790 7790
8993 8993
9137 9137
7555 7555
1466 1466
3075 3075
4837 4837
9888 9888
2732 2732
8591 8591
1142 1142
2634 2634
6448 6448
7229 7229
9448 9448
5205 5205
1267 1267
2413 2413
7124 7124
7784 7784
3025 3025
8005 8005
524 524
4578 4578
4978 4978
6796 6796
9754 9754
2651 2651
6531 6531
3330 3330
5032 5032
4724 4724
9538 9538
4651 4651
7300 7300
1436 1436
7154 7154
6104 6104
4574 4574
1920 1920
6761 6761
3114 3114
4123 4123
5149 5149
4883 4883
1977 1977
3657 3657
8818 8818
6445 6445
2716 2716
6635 6635
2916 2916
1753 1753
7538 7538
2736 2736
5183 5183
5306 5306
2359 2359
1937 1937
9500 9500
2747 2747
5590 5590
5258 5258
4887 4887
4917 4917
4786 4786
6804 6804
1734 1734
5952 5952
6282 6282
9330 9330
361 361
7661 7661
4025 4025
6982 6982
7666 7666
508 508
1582 1582
3241 3241
5984 5984
4991 4991
1447 1447
8346 8346
9979 9979
8684 8684
1283 1283
3768 3768
3593 3593
1094 1094
3308 3308
7676 7676
3502 3502
7413 7413
8022 8022
2693 2693
2405 2405
9425 9425
6405 6405
6302 6302
7724 7724
448 448
7191 7191
1331 1331
7402 7402
5855 5855
7760 7760
1795 1795
1667 1667
413 413
6837 6837
424 424
547 547
5681 5681
57 57
5379 5379
1209 1209
7645 7645
2065 2065
4410 4410
3775 3775
6742 6742
8808 8808
5078 5078
3426 3426
1244 1244
8666 8666
635 635
1255 1255
6886 6886
6152 6152
1296 1296
9234 9234
6244 6244
4279 4279
4387 4387
5427 5427
2550 2550
8278 8278
55 55
1387 1387
5702 5702
60 60
7394 7394
2369 2369
2569 2569
6908 6908
3191 3191
7288 7288
5599 5599
7987 7987
7359 7359
952 952
291 291
2002 2002
6856 6856
9822 9822
3513 3513
4346 4346
8127 8127
5262 5262
9592 9592
8501 8501
9795 9795
6320 6320
7074 7074
3088 3088
1693 1693
2628 2628
113 113
2706 2706
9201 9201
4618 4618
5066 5066
2489 2489
6143 6143
5228 5228
1057 1057
4256 4256
3372 3372
9671 9671
5901 5901
2841 2841
3929 3929
5682 5682
8136 8136
5954 5954
4404 4404
7419 7419
2254 2254
4600 4600
3752 3752
9817 9817
6046 6046
2451 2451
4391 4391
9978 9978
8549 8549
8420 8420
1030 1030
5647 5647
4641 4641
9999 9999
3533 3533
7439 7439
2033 2033
3728 3728
8974 8974
4820 4820
5527 5527
1794 1794
3124 3124
3403 3403
1321 1321
4986 4986
8252 8252
5994 5994
8817 8817
3392 3392
8491 8491
9345 9345
1218 1218
6327 6327
9025 9025
2288 2288
809 809
7281 7281
2857 2857
3850 3850
4035 4035
1150 1150
8303 8303
6456 6456
974 974
6041 6041
9633 9633
9779 9779
1084 1084
7728 7728
6504 6504
8676 8676
1764 1764
9923 9923
281 281
218 218
935 935
1143 1143
4957 4957
857 857
7870 7870
8177 8177
5242 5242
1535 1535
9130 9130
6651 6651
8426 8426
3868 3868
9381 9381
3588 3588
2551 2551
9170 9170
7174 7174
5356 5356
4991 4991
5955 5955
6155 6155
5715 5715
8347 8347
608 608
9006 9006
564 564
2495 2495
3619 3619
7255 7255
5001 5001
1653 1653
5059 5059
5160 5160
8688 8688
7613 7613
2625 2625
2120 2120
2451 2451
7821 7821
6195 6195
7547 7547
9351 9351
1157 1157
685 685
9061 9061
8277 8277
1831 1831
7838 7838
1110 1110
5666 5666
6226 6226
5581 5581
3882 3882
1774 1774
1402 1402
6998 6998
8072 8072
707 707
2225 2225
3984 3984
1282 1282
8358 8358
5093 5093
6502 6502
5071 5071
8128 8128
6791 6791
7667 7667
3962 3962
780 780
8378 8378
6431 6431
6401 6401
5438 5438
8692 8692
4103 4103
8637 8637
9809 9809
705 705
3689 3689
1004 1004
9688 9688
1263 1263
8271 8271
1886 1886
8049 8049
6354 6354
5251 5251
4694 4694
697 697
9579 9579
1227 1227
4818 4818
8540 8540
3338 3338
2769 2769
7477 7477
5085 5085
1332 1332
1790 1790
3970 3970
3705 3705
376 376
3485 3485
1550 1550
3502 3502
2861 2861
9439 9439
511 511
3368 3368
9616 9616
1617 1617
6409 6409
4127 4127
8442 8442
634 634
4380 4380
6881 6881
4634 4634
2685 2685
5400 5400
4999 4999
185 185
4653 4653
258 258
6476 6476
2991 2991
3281 3281
7 7
7844 7844
5896 5896
1555 1555
7730 7730
617 617
6660 6660
4963 4963
493 493
4372 4372
6005 6005
5058 5058
9110 9110
8024 8024
9325 9325
4352 4352
385 385
4841 4841
931 931
196 196
4744 4744
3196 3196
1358 1358
3365 3365
9553 9553
8776 8776
2947 2947
4037 4037
7455 7455
1583 1583
7306 7306
1643 1643
4297 4297
8819 8819
262 262
286 286
1542 1542
1388 1388
3230 3230
1123 1123
9511 9511
5372 5372
6374 6374
2153 2153
6608 6608
1878 1878
6343 6343
1632 1632
7546 7546
8004 8004
3062 3062
5830 5830
8201 8201
2994 2994
5100 5100
3826 3826
4108 4108
7756 7756
9780 9780
2630 2630
2773 2773
6928 6928
2256 2256
1298 1298
5411 5411
7453 7453
1295 1295
5262 5262
1192 1192
760 760
40 40
9193 9193
3377 3377
3749 3749
3059 3059
2488 2488
3043 3043
6843 6843
7673 7673
4478 4478
545 545
5092 5092
5161 5161
7045 7045
5715 5715
599 599
1718 1718
1620 1620
6032 6032
2114 2114
8910 8910
6998 6998
409 409
4991 4991
2510 2510
1432 1432
3242 3242
2896 2896
7269 7269
2222 2222
3243 3243
8533 8533
5756 5756
2944 2944
6104 6104
730 730
7237 7237
4437 4437
7752 7752
6028 6028
3317 3317
6640 6640
8304 8304
2315 2315
9921 9921
109 109
7023 7023
9639 9639
7152 7152
1501 1501
434 434
2807 2807
5439 5439
8522 8522
4252 4252
9349 9349
2379 2379
6867 6867
7630 7630
7331 7331
9548 9548
7014 7014
4109 4109
8404 8404
8066 8066
2934 2934
7243 7243
1824 1824
7204 7204
2891 2891
7039 7039
7663 7663
5330 5330
2778 2778
8002 8002
757 757
2237 2237
7354 7354
1921 1921
7579 7579
4757 4757
8911 8911
5241 5241
3191 3191
780 780
3048 3048
8798 8798
4688 4688
1121 1121
8425 8425
7024 7024
4237 4237
7223 7223
4101 4101
3424 3424
8205 8205
3807 3807
5526 5526
4634 4634
4033 4033
8964 8964
1849 1849
6960 6960
4966 4966
7590 7590
5843 5843
7848 7848
9167 9167
7071 7071
6410 6410
903 903
4343 4343
5439 5439
8205 8205
535 535
4139 4139
9285 9285
4655 4655
226 226
7632 7632
8548 8548
5135 5135
9592 9592
8335 8335
4124 4124
920 920
3632 3632
8087 8087
1069 1069
1813 1813
6388 6388
1978 1978
4217 4217
3141 3141
5702 5702
2375 2375
2401 2401
976 976
2893 2893
5884 5884
1788 1788
6001 6001
9665 9665
4071 4071
1707 1707
5667 5667
9415 9415
85 85
1709 1709
3526 3526
6377 6377
9744 9744
9543 9543
3821 3821
3589 3589
7424 7424
7698 7698
6463 6463
2226 2226
286 286
881 881
5101 5101
6187 6187
5700 5700
8415 8415
5284 5284
8488 8488
8651 8651
3148 3148
6124 6124
2326 2326
7000 7000
936 936
9034 9034
2770 2770
4369 4369
5547 5547
9829 9829
9336 9336
9954 9954
761 761
2039 2039
4451 4451
13 13
313 313
9878 9878
8598 8598
753 753
1621 1621
7763 7763
5167 5167
1311 1311
9060 9060
1727 1727
63 63
8966 8966
2591 2591
3296 3296
986 986
2841 2841
5680 5680
2186 2186
7871 7871
191 191
7313 7313
6384 6384
8010 8010
2096 2096
8734 8734
3366 3366
9113 9113
895 895
4745 4745
864 864
9275 9275
167 167
2972 2972
1652 1652
1772 1772
1352 1352
7962 7962
9182 9182
1564 1564
761 761
1941 1941
6249 6249
5631 5631
4173 4173
4830 4830
820 820
2928 2928
3992 3992
8532 8532
1674 1674
9011 9011
7836 7836
3858 3858
2332 2332
4129 4129
9694 9694
1291 1291
5410 5410
1776 1776
3556 3556
7345 7345
8622 8622
5343 5343
2115 2115
372 372
7505 7505
1523 1523
2552 2552
7982 7982
4449 4449
5379 5379
1483 1483
386 386
1083 1083
4957 4957
3468 3468
8550 8550
4271 4271
4591 4591
6459 6459
1741 1741
5953 5953
1095 1095
1211 1211
5095 5095
5629 5629
7685 7685
9877 9877
3346 3346
6411 6411
4773 4773
5057 5057
9037 9037
9641 9641
5456 5456
899 899
2866 2866
3814 3814
2358 2358
5815 5815
5128 5128
5547 5547
2645 2645
9149 9149
5289 5289
5448 5448
1264 1264
2622 2622
8975 8975
8522 8522
7653 7653
6114 6114
4283 4283
7698 7698
6357 6357
7767 7767
8884 8884
4952 4952
5028 5028
9608 9608
6936 6936
315 315
8366 8366
2738 2738
7073 7073
6667 6667
4461 4461
5748 5748
5134 5134
7791 7791
7224 7224
7280 7280
6172 6172
843 843
4300 4300
1316 1316
905 905
4477 4477
625 625
1649 1649
3134 3134
7890 7890
2066 2066
238 238
8803 8803
9341 9341
6733 6733
8666 8666
1656 1656
4992 4992
542 542
3347 3347
3118 3118
7165 7165
9540 9540
3387 3387
2639 2639
2782 2782
4999 4999
9912 9912
7570 7570
371 371
5015 5015
295 295
2457 2457
5850 5850
6795 6795
6734 6734
9598 9598
9965 9965
822 822
8795 8795
9041 9041
2376 2376
7126 7126
1034 1034
3737 3737
7880 7880
2498 2498
1025 1025
6815 6815
5824 5824
1323 1323
6945 6945
8843 8843
9589 9589
390 390
5915 5915
6659 6659
5152 5152
4138 4138
1648 1648
4955 4955
5299 5299
341 341
5760 5760
6871 6871
7764 7764
30 30
4322 4322
7789 7789
593 593
2724 2724
2234 2234
723 723
7248 7248
2528 2528
4262 4262
5254 5254
1271 1271
9136 9136
5130 5130
9607 9607
8224 8224
5179 5179
2541 2541
302 302
4247 4247
9013 9013
4497 4497
5374 5374
854 854
9687 9687
282 282
497 497
8350 8350
6755 6755
4853 4853
1049 1049
6582 6582
3084 3084
4950 4950
3723 3723
2825 2825
1050 1050
5486 5486
6575 6575
3936 3936
750 750
4293 4293
3327 3327
8553 8553
851 851
4407 4407
9748 9748
4534 4534
5492 5492
2869 2869
2571 2571
5558 5558
5038 5038
9872 9872
2960 2960
5119 5119
7249 7249
8601 8601
4961 4961
8072 8072
2445 2445
6415 6415
2099 2099
4488 4488
7870 7870
8006 8006
4813 4813
724 724
2020 2020
1731 1731
7826 7826
1405 1405
5879 5879
1599 1599
8985 8985
241 241
2314 2314
8631 8631
9222 9222
2454 2454
8959 8959
2520 2520
2866 2866
4892 4892
9706 9706
5447 5447
8560 8560
4505 4505
8476 8476
6034 6034
8618 8618
3013 3013
7794 7794
301 301
8961 8961
8300 8300
5349 5349
917 917
1660 1660
6387 6387
7281 7281
4710 4710
7126 7126
6387 6387
2418 2418
2104 2104
2194 2194
2479 2479
9505 9505
4830 4830
353 353
5413 5413
7517 7517
4423 4423
5108 5108
2845 2845
5073 5073
3714 3714
1175 1175
1495 1495
7519 7519
4098 4098
721 721
678 678
7659 7659
3748 3748
4599 4599
8838 8838
5260 5260
5915 5915
8382 8382
5163 5163
25 25
56 56
1417 1417
298 298
3598 3598
65 65
7975 7975
179 179
1788 1788
2221 2221
9619 9619
4384 4384
8102 8102
4423 4423
3964 3964
6028 6028
8481 8481
9593 9593
686 686
2332 2332
2606 2606
8455 8455
5041 5041
8395 8395
3496 3496
520 520
1797 1797
6133 6133
2008 2008
8151 8151
5051 5051
5614 5614
6711 6711
8573 8573
627 627
412 412
3796 3796
4568 4568
5040 5040
5832 5832
5420 5420
6861 6861
4545 4545
706 706
5964 5964
2007 2007
981 981
1808 1808
9265 9265
5671 5671
8852 8852
6243 6243
5353 5353
5330 5330
5506 5506
8237 8237
7521 7521
4051 4051
445 445
6282 6282
9830 9830
7072 7072
5866 5866
214 214
8720 8720
4427 4427
35 35
2722 2722
6527 6527
8475 8475
5852 5852
6943 6943
6144 6144
7507 7507
9406 9406
8652 8652
2211 2211
69 69
553 553
1705 1705
7943 7943
2016 2016
7040 7040
3214 3214
1117 1117
8187 8187
8478 8478
2902 2902
1295 1295
3686 3686
3490 3490
2062 2062
2015 2015
7422 7422
2412 2412
4666 4666
5327 5327
754 754
1117 1117
1409 1409
4199 4199
6381 6381
9009 9009
5682 5682
1644 1644
1557 1557
7140 7140
261 261
3280 3280
6740 6740
3531 3531
2117 2117
8845 8845
3138 3138
3939 3939
4037 4037
6592 6592
9192 9192
9816 9816
3191 3191
2630 2630
9672 9672
1434 1434
1443 1443
6871 6871
6041 6041
6175 6175
6213 6213
8894 8894
4199 4199
5203 5203
3501 3501
5174 5174
4076 4076
8279 8279
5507 5507
3993 3993
9026 9026
95 95
6747 6747
4041 4041
5532 5532
7368 7368
4787 4787
3989 3989
5079 5079
7140 7140
616 616
1362 1362
6657 6657
3275 3275
8684 8684
9883 9883
2454 2454
3236 3236
5873 5873
7536 7536
8928 8928
7823 7823
1160 1160
4831 4831
3805 3805
6757 6757
8307 8307
6632 6632
6705 6705
9837 9837
5211 5211
9918 9918
6177 6177
9909 9909
1387 1387
964 964
791 791
6515 6515
4503 4503
969 969
1055 1055
3045 3045
9883 9883
2908 2908
8019 8019
5794 5794
174 174
4237 4237
6361 6361
6590 6590
6923 6923
8861 8861
1390 1390
2929 2929
636 636
9088 9088
1336 1336
6431 6431
5088 5088
1002 1002
8077 8077
4154 4154
951 951
3918 3918
4531 4531
9200 9200
4558 4558
3049 3049
9914 9914
7263 7263
2100 2100
2444 2444
5606 5606
1086 1086
1725 1725
907 907
3247 3247
569 569
5405 5405
2357 2357
5871 5871
1385 1385
6498 6498
4162 4162
7225 7225
5800 5800
1644 1644
5275 5275
7101 7101
1961 1961
4038 4038
446 446
1343 1343
704 704
2797 2797
3276 3276
8930 8930
8938 8938
755 755
315 315
2362 2362
637 637
1625 1625
565 565
9576 9576
5316 5316
9804 9804
4473 4473
5675 5675
9753 9753
1888 1888
3379 3379
3334 3334
8660 8660
5058 5058
1823 1823
2799 2799
451 451
9829 9829
7947 7947
4951 4951
3869 3869
6551 6551
5595 5595
1534 1534
4848 4848
6812 6812
7835 7835
6452 6452
3391 3391
3829 3829
6487 6487
9359 9359
4713 4713
9511 9511
1615 1615
556 556
4709 4709
7720 7720
5078 5078
8680 8680
7154 7154
3504 3504
9870 9870
8544 8544
2419 2419
9793 9793
1524 1524
2795 2795
9289 9289
2593 2593
5009 5009
2342 2342
7385 7385
3397 3397
3492 3492
3843 3843
7312 7312
5202 5202
6820 6820
3675 3675
9836 9836
125 125
2957 2957
7889 7889
3960 3960
4562 4562
1582 1582
3929 3929
2566 2566
1382 1382
3488 3488
2019 2019
391 391
3897 3897
5730 5730
2774 2774
279 279
836 836
8148 8148
6294 6294
9543 9543
3359 3359
5553 5553
3320 3320
3801 3801
9877 9877
4475 4475
2179 2179
8395 8395
4863 4863
3936 3936
8041 8041
6251 6251
4243 4243
4379 4379
7025 7025
6612 6612
7502 7502
2022 2022
8994 8994
5731 5731
6957 6957
3887 3887
7791 7791
8446 8446
2726 2726
7338 7338
8442 8442
1949 1949
9359 9359
2737 2737
8955 8955
5527 5527
9325 9325
229 229
8203 8203
6657 6657
5504 5504
5679 5679
7490 7490
2724 2724
9620 9620
8533 8533
9855 9855
2229 2229
3605 3605
6174 6174
2171 2171
4226 4226
6210 6210
1297 1297
2326 2326
1591 1591
3702 3702
9845 9845
5571 5571
1637 1637
8490 8490
590 590
1937 1937
771 771
5637 5637
4583 4583
5297 5297
173 173
5387 5387
8614 8614
8847 8847
1671 1671
636 636
9376 9376
613 613
3708 3708
689 689
1497 1497
5684 5684
724 724
6040 6040
7221 7221
3648 3648
3625 3625
881 881
4659 4659
6528 6528
5661 5661
4809 4809
8328 8328
8722 8722
5932 5932
3304 3304
7853 7853
3455 3455
4560 4560
4033 4033
3297 3297
9056 9056
3284 3284
8560 8560
2795 2795
6444 6444
7806 7806
2648 2648
7926 7926
8542 8542
6103 6103
2047 2047
9364 9364
516 516
4040 4040
6385 6385
6445 6445
5313 5313
9566 9566
7988 7988
7132 7132
4025 4025
4910 4910
8560 8560
581 581
5550 5550
1418 1418
354 354
8838 8838
430 430
5199 5199
137 137
2705 2705
5921 5921
4340 4340
903 903
7917 7917
1544 1544
109 109
9717 9717
1749 1749
2591 2591
4329 4329
3762 3762
4571 4571
7029 7029
9736 9736
4362 4362
3605 3605
1702 1702
5472 5472
9934 9934
1513 1513
6922 6922
7170 7170
1573 1573
3365 3365
7377 7377
9637 9637
5077 5077
9164 9164
6001 6001
5712 5712
7674 7674
9004 9004
4387 4387
5105 5105
4937 4937
5792 5792
2100 2100
7015 7015
6365 6365
9574 9574
9074 9074
3668 3668
2486 2486
1887 1887
3287 3287
9961 9961
2381 2381
7253 7253
3512 3512
6914 6914
8909 8909
7801 7801
8386 8386
424 424
8724 8724
4166 4166
4442 4442
947 947
2388 2388
4808 4808
8647 8647
8389 8389
8598 8598
7216 7216
9214 9214
5828 5828
6458 6458
641 641
1735 1735
2419 2419
7333 7333
6790 6790
4183 4183
6991 6991
1460 1460
6574 6574
3385 3385
8660 8660
1249 1249
7795 7795
9477 9477
9356 9356
1205 1205
8984 8984
8373 8373
810 810
1154 1154
1275 1275
9219 9219
8064 8064
9961 9961
9207 9207
4334 4334
5833 5833
6995 6995
3790 3790
4374 4374
1165 1165
376 376
3638 3638
4513 4513
1890 1890
9978 9978
7553 7553
2597 2597
5501 5501
2977 2977
873 873
6032 6032
9514 9514
5603 5603
1239 1239
6837 6837
3964 3964
1554 1554
6184 6184
2785 2785
4999 4999
7323 7323
5943 5943
5055 5055
6995 6995
1360 1360
1823 1823
7660 7660
1317 1317
8304 8304
2408 2408
7090 7090
4918 4918
4101 4101
6854 6854
8 8
2123 2123
8886 8886
3659 3659
6994 6994
8133 8133
7143 7143
3271 3271
299 299
7685 7685
2710 2710
6173 6173
1051 1051
7066 7066
1416 1416
7475 7475
1235 1235
1501 1501
6020 6020
326 326
1548 1548
1693 1693
8887 8887
598 598
5778 5778
4246 4246
6405 6405
1377 1377
1584 1584
3496 3496
8037 8037
6259 6259
7909 7909
6688 6688
8731 8731
1709 1709
610 610
5856 5856
7815 7815
5946 5946
4946 4946
1976 1976
111 111
4419 4419
9018 9018
7073 7073
5409 5409
5415 5415
2983 2983
2393 2393
324 324
5041 5041
2366 2366
4243 4243
4119 4119
4799 4799
8345 8345
8548 8548
2373 2373
4516 4516
8309 8309
5671 5671
299 299
1615 1615
1597 1597
7279 7279
9321 9321
2728 2728
5032 5032
4169 4169
8023 8023
8965 8965
3696 3696
5181 5181
7670 7670
7888 7888
908 908
2771 2771
651 651
5992 5992
1830 1830
3449 3449
9390 9390
5173 5173
4896 4896
967 967
8856 8856
1337 1337
4063 4063
7554 7554
4799 4799
8257 8257
6789 6789
7732 7732
5745 5745
402 402
4697 4697
8204 8204
812 812
3257 3257
4881 4881
3235 3235
5779 5779
3955 3955
3228 3228
1008 1008
7766 7766
4375 4375
8120 8120
4092 4092
3561 3561
1787 1787
2239 2239
1672 1672
2549 2549
397 397
8407 8407
6914 6914
461 461
4823 4823
1819 1819
5401 5401
9402 9402
4814 4814
1774 1774
1504 1504
1421 1421
6152 6152
6480 6480
8668 8668
2568 2568
7114 7114
3958 3958
3769 3769
6967 6967
8746 8746
9612 9612
3990 3990
4953 4953
9201 9201
4668 4668
6080 6080
4520 4520
2006 2006
2245 2245
3232 3232
9832 9832
11 11
9939 9939
7661 7661
8356 8356
5289 5289
9320 9320
2757 2757
5050 5050
7667 7667
8164 8164
1838 1838
5314 5314
485 485
9153 9153
9630 9630
3396 3396
6081 6081
1794 1794
3409 3409
7774 7774
6666 6666
4973 4973
3358 3358
9211 9211
6811 6811
230 230
4005 4005
6290 6290
3063 3063
8753 8753
9039 9039
39 39
1320 1320
2625 2625
8115 8115
5715 5715
7307 7307
4030 4030
8184 8184
4712 4712
3068 3068
2598 2598
2839 2839
9051 9051
6664 6664
3463 3463
3954 3954
4857 4857
882 882
6594 6594
4405 4405
170 170
3881 3881
874 874
3272 3272
3063 3063
6248 6248
9951 9951
865 865
9864 9864
7116 7116
3548 3548
4040 4040
2039 2039
7090 7090
8934 8934
5670 5670
7987 7987
5970 5970
4202 4202
2196 2196
5557 5557
5872 5872
5225 5225
4202 4202
4732 4732
8474 8474
3808 3808
7771 7771
3965 3965
4839 4839
2133 2133
6846 6846
9340 9340
9928 9928
6455 6455
9931 9931
4838 4838
488 488
5053 5053
527 527
1184 1184
6199 6199
1821 1821
292 292
3050 3050
9519 9519
8242 8242
2863 2863
3425 3425
529 529
9963 9963
6288 6288
3734 3734
7120 7120
4883 4883
800 800
3585 3585
9994 9994
4087 4087
6407 6407
3425 3425
9124 9124
3124 3124
6916 6916
9907 9907
5741 5741
7123 7123
154 154
2486 2486
6187 6187
4064 4064
9783 9783
4538 4538
2476 2476
5894 5894
6217 6217
2418 2418
8601 8601
2936 2936
3660 3660
7388 7388
1725 1725
5688 5688
3036 3036
4343 4343
1061 1061
7333 7333
7841 7841
788 788
8830 8830
5103 5103
7891 7891
3773 3773
126 126
9263 9263
9049 9049
586 586
7112 7112
5986 5986
6046 6046
9613 9613
7089 7089
7031 7031
8765 8765
3442 3442
1951 1951
1281 1281
1046 1046
8731 8731
2732 2732
2618 2618
7407 7407
5790 5790
3855 3855
257 257
1707 1707
1786 1786
9580 9580
3240 3240
4923 4923
3615 3615
2170 2170
3095 3095
4761 4761
5314 5314
6263 6263
5251 5251
6465 6465
9899 9899
1074 1074
881 881
4532 4532
2562 2562
1993 1993
3615 3615
9980 9980
1973 1973
3465 3465
1363 1363
7502 7502
8992 8992
2212 2212
9782 9782
613 613
3738 3738
7940 7940
543 543
1296 1296
7879 7879
9445 9445
4198 4198
9921 9921
4198 4198
293 293
888 888
2106 2106
756 756
1908 1908
8106 8106
92 92
5478 5478
5125 5125
8802 8802
551 551
6303 6303
5118 5118
8507 8507
115 115
3143 3143
9822 9822
1052 1052
8389 8389
7086 7086
1429 1429
8346 8346
2237 2237
3397 3397
2346 2346
8295 8295
3151 3151
8741 8741
730 730
9911 9911
6333 6333
5469 5469
2867 2867
8408 8408
7628 7628
8030 8030
8390 8390
8140 8140
7326 7326
4221 4221
8540 8540
9762 9762
2194 2194
4560 4560
5405 5405
7103 7103
3304 3304
83 83
2835 2835
5071 5071
4507 4507
4292 4292
3868 3868
4395 4395
1268 1268
5171 5171
4252 4252
9363 9363
8430 8430
285 285
8517 8517
1782 1782
3378 3378
169 169
8459 8459
9313 9313
5907 5907
843 843
6640 6640
1679 1679
5463 5463
9011 9011
1720 1720
5956 5956
1071 1071
1968 1968
7549 7549
2333 2333
7857 7857
2268 2268
8243 8243
7892 7892
5066 5066
8654 8654
9592 9592
3833 3833
5783 5783
8322 8322
9226 9226
4425 4425
1713 1713
8696 8696
4990 4990
2352 2352
396 396
3700 3700
2802 2802
7331 7331
9650 9650
240 240
7108 7108
7828 7828
8626 8626
6286 6286
4122 4122
3017 3017
663 663
3938 3938
1483 1483
3023 3023
8612 8612
4555 4555
1903 1903
2195 2195
6839 6839
6014 6014
9835 9835
2668 2668
174 174
8714 8714
260 260
61 61
1484 1484
8805 8805
3290 3290
5054 5054
2115 2115
7800 7800
5530 5530
1168 1168
3422 3422
3074 3074
8717 8717
1965 1965
3013 3013
8201 8201
1116 1116
6182 6182
5355 5355
3168 3168
3934 3934
5704 5704
7509 7509
3822 3822
221 221
3464 3464
804 804
1540 1540
5520 5520
2695 2695
8188 8188
2126 2126
4428 4428
4195 4195
1523 1523
6902 6902
306 306
4267 4267
3957 3957
3791 3791
6411 6411
4136 4136
512 512
5732 5732
426 426
7401 7401
912 912
4900 4900
2984 2984
8906 8906
4113 4113
9610 9610
3707 3707
7198 7198
3748 3748
194 194
3726 3726
436 436
8420 8420
7775 7775
9293 9293
8618 8618
8374 8374
2210 2210
3661 3661
5173 5173
2473 2473
7230 7230
2398 2398
9568 9568
6521 6521
5448 5448
7228 7228
7409 7409
7519 7519
5773 5773
7800 7800
9524 9524
2868 2868
7977 7977
8895 8895
5649 5649
9771 9771
4472 4472
232 232
2662 2662
8790 8790
1073 1073
4611 4611
3159 3159
4441 4441
4667 4667
7651 7651
1953 1953
8423 8423
8350 8350
6788 6788
8868 8868
4174 4174
2968 2968
156 156
8139 8139
9804 9804
385 385
8084 8084
7593 7593
5996 5996
8968 8968
9839 9839
2547 2547
2757 2757
143 143
2958 2958
2980 2980
3663 3663
6470 6470
5914 5914
8175 8175
6482 6482
2332 2332
374 374
6567 6567
7808 7808
2414 2414
1589 1589
6929 6929
3813 3813
8486 8486
7013 7013
107 107
5411 5411
335 335
3175 3175
3154 3154
3577 3577
7621 7621
1565 1565
4584 4584
9842 9842
9238 9238
438 438
2531 2531
9689 9689
4332 4332
6035 6035
1295 1295
5379 5379
4794 4794
6396 6396
1910 1910
7628 7628
9390 9390
6589 6589
7120 7120
2556 2556
9616 9616
4483 4483
4997 4997
1523 1523
9763 9763
5293 5293
2970 2970
9183 9183
8637 8637
6285 6285
2221 2221
1414 1414
462 462
261 261
8798 8798
9875 9875
5121 5121
1294 1294
6194 6194
9130 9130
9268 9268
3829 3829
2476 2476
1219 1219
4111 4111
1669 1669
2595 2595
7789 7789
3337 3337
3326 3326
7839 7839
2205 2205
770 770
2176 2176
6075 6075
527 527
2652 2652
3392 3392
9164 9164
7471 7471
7405 7405
7379 7379
4318 4318
2186 2186
1290 1290
5097 5097
4683 4683
5152 5152
6522 6522
6306 6306
4481 4481
7087 7087
9958 9958
5395 5395
9955 9955
3165 3165
2443 2443
3410 3410
2713 2713
2929 2929
5308 5308
5556 5556
7063 7063
1151 1151
5629 5629
5497 5497
285 285
2666 2666
5369 5369
9122 9122
2218 2218
1795 1795
1185 1185
6518 6518
7052 7052
5777 5777
3191 3191
6394 6394
3301 3301
7831 7831
7614 7614
4439 4439
6788 6788
507 507
2173 2173
6034 6034
6254 6254
3159 3159
7450 7450
1974 1974
9473 9473
8754 8754
1384 1384
5159 5159
3420 3420
2714 2714
6384 6384
3378 3378
1723 1723
9055 9055
2529 2529
3370 3370
3996 3996
1235 1235
5592 5592
5383 5383
902 902
654 654
2706 2706
7043 7043
6760 6760
4329 4329
2670 2670
4844 4844
2727 2727
3808 3808
5467 5467
9922 9922
95 95
9007 9007
7648 7648
6080 6080
1722 1722
9233 9233
3148 3148
2695 2695
6954 6954
4060 4060
9289 9289
3194 3194
9512 9512
760 760
3554 3554
1329 1329
7104 7104
6545 6545
7399 7399
7143 7143
457 457
312 312
7903 7903
3120 3120
8943 8943
5449 5449
8201 8201
4773 4773
6089 6089
3714 3714
72 72
9891 9891
2627 2627
3064 3064
1608 1608
8026 8026
4596 4596
1729 1729
5953 5953
8697 8697
8599 8599
5001 5001
4886 4886
6695 6695
493 493
7123 7123
5303 5303
3439 3439
4479 4479
4810 4810
6279 6279
9005 9005
4961 4961
9448 9448
8886 8886
2910 2910
8206 8206
2699 2699
8992 8992
147 147
4075 4075
3057 3057
3119 3119
2478 2478
2078 2078
6468 6468
9745 9745
237 237
6961 6961
6405 6405
2805 2805
3432 3432
488 488
5105 5105
7191 7191
8172 8172
2945 2945
9848 9848
9068 9068
729 729
2386 2386
5203 5203
6875 6875
1772 1772
657 657
6884 6884
2922 2922
6481 6481
4791 4791
4974 4974
2939 2939
1416 1416
2977 2977
8923 8923
89 89
8578 8578
8651 8651
3334 3334
5433 5433
578 578
1350 1350
5417 5417
4406 4406
1134 1134
6190 6190
3832 3832
1112 1112
7462 7462
7598 7598
7020 7020
8487 8487
3643 3643
834 834
4831 4831
4223 4223
3241 3241
8906 8906
9906 9906
5773 5773
5746 5746
1138 1138
88 88
1140 1140
5747 5747
1970 1970
4814 4814
4261 4261
7083 7083
1277 1277
6103 6103
3117 3117
107 107
4720 4720
3760 3760
1698 1698
6106 6106
7926 7926
9485 9485
2331 2331
7183 7183
1507 1507
6250 6250
6236 6236
3945 3945
1506 1506
7300 7300
3058 3058
8672 8672
7874 7874
1733 1733
7556 7556
2374 2374
9893 9893
3747 3747
2734 2734
5389 5389
734 734
792 792
172 172
8289 8289
2241 2241
1381 1381
4292 4292
4399 4399
6352 6352
879 879
318 318
8300 8300
7472 7472
2630 2630
6299 6299
152 152
621 621
5518 5518
4574 4574
1144 1144
3495 3495
4446 4446
4173 4173
7478 7478
8182 8182
9173 9173
1136 1136
498 498
7032 7032
4652 4652
4938 4938
8410 8410
8797 8797
1906 1906
1207 1207
3501 3501
413 413
7752 7752
5707 5707
692 692
5062 5062
8703 8703
691 691
2740 2740
8218 8218
610 610
2085 2085
9675 9675
5004 5004
6303 6303
6897 6897
1220 1220
1932 1932
7368 7368
7087 7087
5094 5094
6063 6063
1930 1930
7385 7385
5006 5006
760 760
4937 4937
1179 1179
8968 8968
6359 6359
2035 2035
5339 5339
353 353
1695 1695
9124 9124
4885 4885
442 442
7568 7568
2141 2141
9098 9098
2774 2774
1747 1747
9328 9328
5134 5134
6354 6354
3595 3595
7 7
5410 5410
6933 6933
8658 8658
4735 4735
8930 8930
8318 8318
8959 8959
9371 9371
679 679
1979 1979
14 14
7658 7658
6608 6608
6056 6056
8660 8660
1100 1100
7187 7187
9967 9967
989 989
5244 5244
2996 2996
9142 9142
4486 4486
4933 4933
9484 9484
4576 4576
2655 2655
2481 2481
5392 5392
4279 4279
9186 9186
6831 6831
4524 4524
501 501
2903 2903
6186 6186
1508 1508
4819 4819
3521 3521
2677 2677
2874 2874
8696 8696
9986 9986
1183 1183
3449 3449
3139 3139
6963 6963
3871 3871
3731 3731
6985 6985
4932 4932
4740 4740
4939 4939
3054 3054
9455 9455
5206 5206
8692 8692
924 924
1908 1908
4894 4894
1838 1838
9362 9362
4003 4003
1837 1837
8509 8509
8153 8153
4474 4474
9571 9571
3789 3789
712 712
6542 6542
1516 1516
6982 6982
4131 4131
7727 7727
6292 6292
4046 4046
7338 7338
940 940
2378 2378
8008 8008
7920 7920
2168 2168
2105 2105
5947 5947
6496 6496
4588 4588
4101 4101
4240 4240
2982 2982
8834 8834
7785 7785
4290 4290
6920 6920
3178 3178
3052 3052
7002 7002
5729 5729
8201 8201
9444 9444
2870 2870
3426 3426
2737 2737
4017 4017
4768 4768
9042 9042
454 454
8723 8723
1576 1576
628 628
3108 3108
6634 6634
8902 8902
9480 9480
2865 2865
1621 1621
7969 7969
9810 9810
6894 6894
6729 6729
9905 9905
340 340
5274 5274
241 241
9653 9653
4183 4183
4427 4427
7309 7309
8351 8351
3758 3758
640 640
2644 2644
7433 7433
7345 7345
4185 4185
5099 5099
9022 9022
5275 5275
5283 5283
5533 5533
3856 3856
3550 3550
5333 5333
5436 5436
193 193
4278 4278
2310 2310
991 991
8284 8284
4076 4076
1233 1233
9479 9479
9414 9414
6738 6738
7798 7798
332 332
798 798
8130 8130
7969 7969
4337 4337
880 880
8403 8403
4053 4053
2917 2917
3924 3924
3290 3290
7886 7886
1762 1762
7692 7692
5583 5583
4488 4488
5860 5860
8394 8394
2077 2077
5218 5218
2081 2081
7027 7027
8207 8207
261 261
8966 8966
1275 1275
5416 5416
2839 2839
8447 8447
7381 7381
2381 2381
7023 7023
1744 1744
9399 9399
300 300
5837 5837
1848 1848
949 949
9290 9290
3409 3409
1052 1052
5300 5300
642 642
3312 3312
1611 1611
6010 6010
3228 3228
6400 6400
3844 3844
4360 4360
5637 5637
9573 9573
2201 2201
1677 1677
3866 3866
1958 1958
1376 1376
9844 9844
6552 6552
4392 4392
880 880
2692 2692
7958 7958
2314 2314
5850 5850
9782 9782
1524 1524
1370 1370
2257 2257
4275 4275
7324 7324
2037 2037
9860 9860
7929 7929
3120 3120
2877 2877
5843 5843
8851 8851
4158 4158
9500 9500
6541 6541
2697 2697
7453 7453
4551 4551
3300 3300
1712 1712
6029 6029
5218 5218
4972 4972
1467 1467
7268 7268
2040 2040
2091 2091
3533 3533
1939 1939
3036 3036
4936 4936
6524 6524
3402 3402
2060 2060
3518 3518
8024 8024
9145 9145
902 902
8867 8867
735 735
9506 9506
8758 8758
8750 8750
8849 8849
84 84
1174 1174
2097 2097
4988 4988
3399 3399
3485 3485
4104 4104
7153 7153
4774 4774
7685 7685
8087 8087
8970 8970
2584 2584
1740 1740
4826 4826
1402 1402
9276 9276
9970 9970
3294 3294
7291 7291
5121 5121
8896 8896
8354 8354
4468 4468
4109 4109
2049 2049
4656 4656
1761 1761
5417 5417
4507 4507
7131 7131
5678 5678
2468 2468
8680 8680
4578 4578
855 855
847 847
7523 7523
7265 7265
4541 4541
4540 4540
665 665
3350 3350
3689 3689
8535 8535
38 38
4075 4075
9200 9200
5855 5855
1534 1534
6492 6492
4018 4018
5986 5986
9195 9195
7408 7408
5380 5380
8635 8635
237 237
7737 7737
221 221
1254 1254
7327 7327
2323 2323
2482 2482
3156 3156
6931 6931
468 468
3876 3876
3648 3648
9150 9150
2136 2136
9100 9100
1608 1608
4147 4147
8617 8617
5481 5481
4539 4539
473 473
4461 4461
5034 5034
1910 1910
4233 4233
4193 4193
543 543
4491 4491
3174 3174
5042 5042
3308 3308
3311 3311
9356 9356
8028 8028
3282 3282
4752 4752
2873 2873
3898 3898
5746 5746
3264 3264
2794 2794
6203 6203
5900 5900
9286 9286
2342 2342
4786 4786
5474 5474
7997 7997
8057 8057
3463 3463
5431 5431
1884 1884
3183 3183
3715 3715
4722 4722
5420 5420
1884 1884
8069 8069
6614 6614
768 768
6194 6194
76 76
8880 8880
5328 5328
4134 4134
6786 6786
941 941
6355 6355
2926 2926
7019 7019
6542 6542
8398 8398
2263 2263
1587 1587
2655 2655
5131 5131
3500 3500
3891 3891
4346 4346
1290 1290
8310 8310
3851 3851
7526 7526
47 47
1466 1466
9448 9448
5932 5932
6430 6430
5333 5333
5175 5175
1773 1773
3588 3588
363 363
2327 2327
6169 6169
6758 6758
6943 6943
740 740
5640 5640
1843 1843
6321 6321
174 174
5499 5499
9314 9314
8827 8827
1600 1600
9243 9243
5790 5790
5653 5653
8810 8810
5811 5811
9929 9929
6003 6003
2462 2462
1289 1289
4943 4943
5630 5630
4700 4700
3411 3411
2167 2167
4930 4930
7441 7441
3460 3460
5688 5688
2416 2416
3513 3513
3392 3392
5447 5447
3917 3917
6360 6360
2718 2718
319 319
5825 5825
942 942
1066 1066
5190 5190
4234 4234
3175 3175
5960 5960
5112 5112
1732 1732
8400 8400
7129 7129
2935 2935
5297 5297
542 542
332 332
4299 4299
119 119
8826 8826
9835 9835
500 500
1607 1607
5393 5393
4716 4716
8218 8218
3739 3739
4359 4359
7504 7504
1663 1663
3291 3291
5755 5755
1484 1484
2599 2599
6609 6609
9837 9837
5896 5896
4172 4172
7503 7503
7426 7426
6410 6410
2148 2148
3243 3243
7798 7798
1285 1285
6239 6239
9651 9651
7964 7964
954 954
6793 6793
3190 3190
6899 6899
4109 4109
9438 9438
1417 1417
2382 2382
2599 2599
7085 7085
1844 1844
9921 9921
3446 3446
9995 9995
2479 2479
2332 2332
4115 4115
4754 4754
4473 4473
7213 7213
619 619
5986 5986
1449 1449
9144 9144
2195 2195
4980 4980
4325 4325
3548 3548
4749 4749
6186 6186
4939 4939
8532 8532
3288 3288
8872 8872
2842 2842
5254 5254
7967 7967
4715 4715
4837 4837
5711 5711
612 612
9252 9252
2743 2743
2577 2577
6040 6040
6959 6959
15 15
4360 4360
8367 8367
7622 7622
2280 2280
1633 1633
7728 7728
6035 6035
4619 4619
3035 3035
6170 6170
7334 7334
9172 9172
9658 9658
8657 8657
4606 4606
6463 6463
9592 9592
5258 5258
9146 9146
8304 8304
7381 7381
1536 1536
5442 5442
5869 5869
3364 3364
5802 5802
3635 3635
7616 7616
7326 7326
5119 5119
5748 5748
6878 6878
3427 3427
5379 5379
2034 2034
9392 9392
9915 9915
9845 9845
9755 9755
1427 1427
614 614
6103 6103
1063 1063
3942 3942
9 9
3538 3538
5386 5386
834 834
74 74
9897 9897
952 952
7758 7758
1825 1825
2157 2157
8900 8900
9988 9988
377 377
8455 8455
898 898
3372 3372
3820 3820
7603 7603
4328 4328
1814 1814
7046 7046
9442 9442
6786 6786
7344 7344
2422 2422
7495 7495
6471 6471
8189 8189
9486 9486
5605 5605
2480 2480
2602 2602
7107 7107
3529 3529
8141 8141
2339 2339
4960 4960
1281 1281
4994 4994
1159 1159
3146 3146
7658 7658
119 119
4414 4414
3656 3656
1672 1672
154 154
7352 7352
3135 3135
1430 1430
628 628
788 788
275 275
5565 5565
4423 4423
4885 4885
1592 1592
6350 6350
6492 6492
2165 2165
1220 1220
2587 2587
3674 3674
935 935
254 254
3644 3644
8610 8610
6864 6864
7160 7160
7175 7175
7320 7320
8782 8782
8676 8676
1226 1226
9810 9810
3336 3336
4431 4431
6025 6025
4411 4411
9265 9265
5515 5515
2920 2920
7645 7645
3084 3084
9084 9084
5520 5520
3777 3777
1497 1497
8308 8308
48 48
2595 2595
9363 9363
2052 2052
9706 9706
3641 3641
3221 3221
7845 7845
430 430
7414 7414
2617 2617
2476 2476
1041 1041
9348 9348
4625 4625
5180 5180
727 727
2978 2978
827 827
5708 5708
6937 6937
8969 8969
8605 8605
9535 9535
3179 3179
9752 9752
3073 3073
4698 4698
5396 5396
2412 2412
6659 6659
745 745
73 73
5901 5901
8704 8704
4537 4537
1407 1407
9776 9776
8868 8868
3602 3602
1270 1270
975 975
7872 7872
6024 6024
6214 6214
7373 7373
6514 6514
7920 7920
9729 9729
2884 2884
2720 2720
2645 2645
6079 6079
3946 3946
3358 3358
5415 5415
2602 2602
5399 5399
1999 1999
2638 2638
2507 2507
5756 5756
6125 6125
5401 5401
7629 7629
6959 6959
5233 5233
9263 9263
9427 9427
9639 9639
149 149
860 860
614 614
2845 2845
4890 4890
7907 7907
2482 2482
5091 5091
1038 1038
1964 1964
4076 4076
696 696
8524 8524
3328 3328
4591 4591
3588 3588
9565 9565
1515 1515
6691 6691
560 560
4961 4961
5463 5463
5606 5606
9119 9119
9695 9695
5437 5437
7522 7522
5493 5493
1281 1281
1569 1569
2833 2833
995 995
144 144
4208 4208
9766 9766
6757 6757
5476 5476
2899 2899
3548 3548
2188 2188
3418 3418
3690 3690
9355 9355
3115 3115
598 598
381 381
9555 9555
9975 9975
2159 2159
4465 4465
7170 7170
6311 6311
4158 4158
7159 7159
7021 7021
8983 8983
3085 3085
4461 4461
4916 4916
3926 3926
4646 4646
9837 9837
520 520
5718 5718
9087 9087
1948 1948
1812 1812
7862 7862
8453 8453
2072 2072
1491 1491
3002 3002
9165 9165
2314 2314
6272 6272
5257 5257
1801 1801
4493 4493
9398 9398
3260 3260
3695 3695
6564 6564
6784 6784
3266 3266
5616 5616
3885 3885
9257 9257
263 263
5148 5148
6597 6597
7588 7588
8921 8921
8348 8348
2265 2265
5726 5726
6494 6494
7190 7190
4333 4333
1858 1858
5408 5408
6693 6693
4242 4242
6024 6024
4093 4093
2002 2002
9638 9638
5878 5878
4142 4142
8265 8265
2410 2410
2448 2448
31 31
5664 5664
4134 4134
727 727
3126 3126
3111 3111
1398 1398
6515 6515
3027 3027
1733 1733
4546 4546
7022 7022
3918 3918
6742 6742
295 295
7902 7902
3633 3633
1017 1017
5755 5755
2780 2780
2503 2503
647 647
2247 2247
2939 2939
992 992
3214 3214
645 645
2257 2257
2707 2707
4083 4083
8345 8345
9671 9671
3862 3862
8209 8209
6223 6223
6515 6515
6781 6781
9895 9895
1742 1742
627 627
7950 7950
8318 8318
9791 9791
7900 7900
7436 7436
4451 4451
5910 5910
716 716
9388 9388
5850 5850
9273 9273
7403 7403
2129 2129
9292 9292
5806 5806
3668 3668
1570 1570
1814 1814
5997 5997
1494 1494
7065 7065
9913 9913
5830 5830
8621 8621
0 0
2045 2045
8273 8273
5748 5748
8338 8338
7897 7897
4921 4921
5124 5124
4244 4244
7411 7411
4183 4183
1652 1652
732 732
1013 1013
6738 6738
4366 4366
6118 6118
33 33
8756 8756
6691 6691
83 83
5457 5457
8346 8346
9427 9427
2997 2997
7713 7713
4671 4671
9032 9032
2892 2892
1607 1607
431 431
6208 6208
2413 2413
7194 7194
522 522
9594 9594
9518 9518
9932 9932
9671 9671
18 18
4082 4082
6196 6196
3271 3271
5457 5457
3500 3500
942 942
6885 6885
3476 3476
711 711
7955 7955
5770 5770
8825 8825
8656 8656
9238 9238
8665 8665
5328 5328
757 757
4498 4498
7305 7305
8010 8010
5559 5559
3326 3326
3302 3302
2440 2440
6851 6851
8350 8350
5584 5584
4606 4606
4467 4467
3126 3126
6950 6950
3401 3401
7404 7404
3013 3013
3764 3764
2865 2865
5081 5081
6345 6345
4231 4231
6237 6237
2366 2366
957 957
4357 4357
8190 8190
9983 9983
4529 4529
6681 6681
4930 4930
7666 7666
2873 2873
4437 4437
4761 4761
3717 3717
9403 9403
76 76
4965 4965
3742 3742
3232 3232
3074 3074
9214 9214
7316 7316
2155 2155
4474 4474
5886 5886
7141 7141
3580 3580
8291 8291
8641 8641
7668 7668
5056 5056
8077 8077
7269 7269
1512 1512
8806 8806
8041 8041
9451 9451
1446 1446
7505 7505
8167 8167
7027 7027
7541 7541
7220 7220
1496 1496
1403 1403
4208 4208
6075 6075
5700 5700
7966 7966
3182 3182
2630 2630
4593 4593
375 375
2549 2549
9847 9847
5288 5288
6211 6211
2867 2867
698 698
5006 5006
8774 8774
3762 3762
4040 4040
679 679
7634 7634
3528 3528
1594 1594
3319 3319
4127 4127
1632 1632
5504 5504
2749 2749
2327 2327
5994 5994
104 104
5031 5031
7880 7880
1618 1618
2998 2998
8740 8740
9341 9341
6008 6008
9945 9945
5385 5385
7800 7800
9724 9724
2352 2352
3610 3610
312 312
8837 8837
4756 4756
7912 7912
7743 7743
1209 1209
2546 2546
4323 4323
4960 4960
1713 1713
9673 9673
7969 7969
3224 3224
922 922
9446 9446
6872 6872
4240 4240
8418 8418
6213 6213
6794 6794
5197 5197
3775 3775
1972 1972
5497 5497
4391 4391
3537 3537
6920 6920
4794 4794
9291 9291
8048 8048
10 10
6801 6801
5799 5799
6945 6945
5106 5106
748 748
2376 2376
5850 5850
2062 2062
14 14
6961 6961
8791 8791
6903 6903
5022 5022
1343 1343
5455 5455
5051 5051
8749 8749
3068 3068
2642 2642
4089 4089
592 592
9843 9843
2827 2827
8549 8549
9005 9005
4766 4766
147 147
3083 3083
3078 3078
8179 8179
7961 7961
2255 2255
5428 5428
1058 1058
4607 4607
6619 6619
2043 2043
5433 5433
1985 1985
3617 3617
5518 5518
2410 2410
8795 8795
4307 4307
9811 9811
6594 6594
6282 6282
5037 5037
6699 6699
7440 7440
7837 7837
3231 3231
9496 9496
5418 5418
5675 5675
6546 6546
4515 4515
2304 2304
424 424
2406 2406
2455 2455
2154 2154
8048 8048
6164 6164
3828 3828
8353 8353
3715 3715
132 132
6819 6819
8727 8727
6380 6380
9891 9891
2453 2453
646 646
9314 9314
2690 2690
9118 9118
9466 9466
3548 3548
2812 2812
265 265
5566 5566
5861 5861
6230 6230
8364 8364
3157 3157
3777 3777
3314 3314
5495 5495
8398 8398
7944 7944
9960 9960
5782 5782
4549 4549
6135 6135
7913 7913
766 766
4272 4272
8494 8494
2111 2111
7323 7323
9368 9368
4669 4669
9567 9567
4054 4054
134 134
3160 3160
3525 3525
6892 6892
6246 6246
8164 8164
407 407
1622 1622
2548 2548
7294 7294
1082 1082
2833 2833
532 532
6689 6689
2110 2110
7881 7881
336 336
9224 9224
3980 3980
6534 6534
752 752
3173 3173
1767 1767
4531 4531
6828 6828
9470 9470
1 1
6631 6631
3251 3251
2760 2760
1013 1013
8585 8585
1732 1732
8450 8450
9716 9716
1918 1918
5643 5643
2194 2194
2366 2366
8107 8107
2147 2147
5548 5548
4203 4203
2814 2814
6981 6981
3517 3517
8192 8192
9287 9287
8495 8495
3624 3624
5749 5749
573 573
853 853
821 821
335 335
1307 1307
4524 4524
1593 1593
1880 1880
6424 6424
2275 2275
5723 5723
7281 7281
3283 3283
7721 7721
5750 5750
754 754
545 545
1959 1959
471 471
7499 7499
9263 9263
5346 5346
2292 2292
4601 4601
1633 1633
45 45
4938 4938
8708 8708
4601 4601
6399 6399
2673 2673
6922 6922
3722 3722
1725 1725
7799 7799
2389 2389
3425 3425
9393 9393
9742 9742
1521 1521
1798 1798
1273 1273
9267 9267
1826 1826
6303 6303
4384 4384
3743 3743
3710 3710
5099 5099
8628 8628
9423 9423
2225 2225
6929 6929
6766 6766
3479 3479
1289 1289
607 607
3166 3166
9252 9252
6812 6812
4470 4470
4046 4046
3273 3273
6544 6544
2602 2602
1582 1582
6417 6417
275 275
6437 6437
6727 6727
8580 8580
2255 2255
4395 4395
3098 3098
5524 5524
1057 1057
5700 5700
9142 9142
4522 4522
6344 6344
7910 7910
2469 2469
5501 5501
7892 7892
6315 6315
6259 6259
4349 4349
8136 8136
5376 5376
7389 7389
722 722
5568 5568
726 726
825 825
3868 3868
909 909
4031 4031
9000 9000
8391 8391
2399 2399
271 271
6431 6431
2820 2820
8667 8667
6098 6098
1823 1823
913 913
4693 4693
9887 9887
1400 1400
7679 7679
6586 6586
228 228
9272 9272
6501 6501
7089 7089
9635 9635
4025 4025
4843 4843
4727 4727
1959 1959
8614 8614
1421 1421
2933 2933
6589 6589
8016 8016
9821 9821
4479 4479
1396 1396
8899 8899
9075 9075
2685 2685
999 999
7648 7648
3811 3811
1952 1952
3519 3519
509 509
3459 3459
3723 3723
3199 3199
6431 6431
372 372
3008 3008
996 996
7999 7999
1290 1290
9410 9410
6765 6765
9466 9466
1759 1759
5705 5705
373 373
6786 6786
6977 6977
8260 8260
8565 8565
2038 2038
8100 8100
7236 7236
290 290
3044 3044
7821 7821
9027 9027
6590 6590
3853 3853
1464 1464
6457 6457
646 646
1233 1233
3034 3034
5612 5612
5814 5814
9266 9266
9124 9124
7587 7587
1909 1909
874 874
731 731
1132 1132
6653 6653
5424 5424
8478 8478
8578 8578
4176 4176
7689 7689
4304 4304
9085 9085
5700 5700
1945 1945
621 621
4252 4252
3726 3726
4981 4981
4466 4466
8449 8449
6920 6920
2783 2783
5946 5946
4834 4834
1792 1792
5219 5219
2085 2085
3761 3761
8646 8646
6388 6388
4552 4552
9819 9819
4658 4658
6752 6752
9342 9342
5384 5384
3966 3966
7156 7156
1622 1622
598 598
6204 6204
8065 8065
7514 7514
194 194
8013 8013
8235 8235
2107 2107
5351 5351
4919 4919
5789 5789
2764 2764
975 975
7242 7242
5316 5316
187 187
8836 8836
8695 8695
184 184
5390 5390
6842 6842
6075 6075
368 368
2117 2117
5090 5090
5931 5931
4896 4896
891 891
8132 8132
7159 7159
2573 2573
2483 2483
4301 4301
1948 1948
6955 6955
4598 4598
2546 2546
3650 3650
8122 8122
4137 4137
5019 5019
4236 4236
618 618
206 206
8254 8254
8527 8527
7630 7630
4369 4369
7198 7198
619 619
7046 7046
8159 8159
602 602
8454 8454
7811 7811
3748 3748
3376 3376
7650 7650
5928 5928
5919 5919
9491 9491
7447 7447
7211 7211
4702 4702
7756 7756
3323 3323
1408 1408
104 104
1929 1929
3052 3052
6359 6359
1487 1487
4271 4271
5220 5220
4620 4620
6490 6490
8788 8788
6944 6944
3651 3651
468 468
4057 4057
2015 2015
8332 8332
3187 3187
2337 2337
6954 6954
294 294
343 343
1973 1973
2012 2012
3963 3963
8472 8472
8719 8719
8781 8781
5136 5136
9068 9068
6865 6865
9389 9389
6765 6765
9005 9005
7889 7889
5785 5785
741 741
3481 3481
3629 3629
2881 2881
2859 2859
9918 9918
4647 4647
4159 4159
1469 1469
5530 5530
5132 5132
6550 6550
9778 9778
1017 1017
9713 9713
2865 2865
6685 6685
2345 2345
6952 6952
2539 2539
4906 4906
1731 1731
4044 4044
6876 6876
9466 9466
6246 6246
3176 3176
2351 2351
2360 2360
8630 8630
7979 7979
7375 7375
9147 9147
1968 1968
6321 6321
8045 8045
1858 1858
524 524
9634 9634
3955 3955
7804 7804
2484 2484
3162 3162
8580 8580
3362 3362
4262 4262
9580 9580
7652 7652
3764 3764
6668 6668
5016 5016
4688 4688
960 960
8424 8424
6534 6534
6385 6385
1389 1389
7895 7895
3326 3326
1836 1836
362 362
6113 6113
9841 9841
6414 6414
5253 5253
1644 1644
2585 2585
1638 1638
2646 2646
7835 7835
1217 1217
5409 5409
6359 6359
3553 3553
9252 9252
8613 8613
3650 3650
5119 5119
1284 1284
8642 8642
5756 5756
3352 3352
5940 5940
1835 1835
9936 9936
6599 6599
3578 3578
7962 7962
5348 5348
7439 7439
4019 4019
8506 8506
569 569
1607 1607
2185 2185
5155 5155
6306 6306
5730 5730
402 402
4067 4067
2612 2612
8734 8734
7301 7301
1149 1149
4147 4147
9487 9487
8946 8946
1992 1992
8860 8860
8047 8047
1860 1860
6688 6688
3394 3394
8057 8057
1136 1136
2440 2440
8457 8457
8914 8914
9846 9846
5588 5588
855 855
7895 7895
6029 6029
9465 9465
9181 9181
3878 3878
9321 9321
1937 1937
6047 6047
9704 9704
6551 6551
4490 4490
1449 1449
4300 4300
8841 8841
6950 6950
2274 2274
6460 6460
3544 3544
4808 4808
8944 8944
2525 2525
8376 8376
2239 2239
5464 5464
1368 1368
9499 9499
9670 9670
5548 5548
561 561
6708 6708
6126 6126
6161 6161
3427 3427
6876 6876
8129 8129
7825 7825
3963 3963
7652 7652
5114 5114
4847 4847
5202 5202
6339 6339
3067 3067
766 766
5381 5381
3418 3418
728 728
2740 2740
7918 7918
3717 3717
3557 3557
2410 2410
7237 7237
402 402
9302 9302
9188 9188
9179 9179
3551 3551
328 328
894 894
5007 5007
4899 4899
6786 6786
2413 2413
6796 6796
2662 2662
7233 7233
4989 4989
2639 2639
2492 2492
7276 7276
9582 9582
5877 5877
4120 4120
9826 9826
8771 8771
6825 6825
6917 6917
9411 9411
7404 7404
5268 5268
4805 4805
5083 5083
2696 2696
1181 1181
4901 4901
109 109
596 596
1453 1453
2462 2462
3096 3096
6482 6482
9926 9926
7983 7983
5112 5112
873 873
220 220
5829 5829
4519 4519
6137 6137
238 238
1523 1523
4443 4443
8352 8352
8476 8476
5644 5644
6382 6382
5191 5191
4996 4996
949 949
1974 1974
3633 3633
9215 9215
8999 8999
2310 2310
3614 3614
2091 2091
6505 6505
7721 7721
116 116
9053 9053
1519 1519
432 432
7402 7402
976 976
5230 5230
314 314
3587 3587
8978 8978
9382 9382
5299 5299
9750 9750
2550 2550
5347 5347
4483 4483
8451 8451
7837 7837
1833 1833
4333 4333
163 163
6454 6454
7689 7689
7234 7234
1679 1679
3398 3398
7987 7987
3869 3869
9062 9062
5012 5012
3832 3832
6555 6555
5949 5949
3801 3801
9253 9253
7607 7607
6968 6968
4406 4406
7885 7885
120 120
2172 2172
5713 5713
5994 5994
4287 4287
9497 9497
8486 8486
8865 8865
4590 4590
2723 2723
6655 6655
3671 3671
2931 2931
9042 9042
6987 6987
632 632
9391 9391
859 859
1611 1611
9842 9842
4894 4894
5497 5497
4757 4757
7179 7179
1290 1290
2859 2859
9624 9624
5143 5143
7582 7582
9021 9021
5579 5579
4268 4268
7118 7118
3431 3431
6927 6927
4156 4156
7100 7100
6417 6417
4727 4727
1408 1408
8631 8631
7665 7665
3772 3772
9618 9618
2892 2892
3327 3327
2947 2947
3646 3646
3681 3681
8412 8412
7358 7358
7045 7045
5971 5971
2662 2662
5234 5234
2685 2685
2953 2953
5066 5066
8529 8529
6470 6470
8373 8373
7806 7806
9558 9558
5331 5331
5309 5309
8185 8185
7980 7980
2 2
6037 6037
4768 4768
9543 9543
9513 9513
3671 3671
3253 3253
937 937
6394 6394
8085 8085
4874 4874
3056 3056
8509 8509
5689 5689
3118 3118
822 822
6938 6938
2692 2692
509 509
6852 6852
2108 2108
9620 9620
5109 5109
6511 6511
777 777
2077 2077
6232 6232
8645 8645
402 402
74 74
2416 2416
567 567
9638 9638
2550 2550
5697 5697
400 400
1360 1360
3087 3087
4015 4015
8076 8076
4111 4111
9982 9982
513 513
4692 4692
4724 4724
3685 3685
4174 4174
3581 3581
6821 6821
2457 2457
8671 8671
9597 9597
3805 3805
534 534
4005 4005
3042 3042
1180 1180
3870 3870
5071 5071
2179 2179
8609 8609
8487 8487
9068 9068
1012 1012
2680 2680
3572 3572
6242 6242
1413 1413
6067 6067
4732 4732
184 184
298 298
5353 5353
6614 6614
2593 2593
2576 2576
4039 4039
9795 9795
2806 2806
3370 3370
6229 6229
2273 2273
4139 4139
4249 4249
4432 4432
7478 7478
3876 3876
1626 1626
1292 1292
6688 6688
483 483
7243 7243
3904 3904
2020 2020
1154 1154
3374 3374
3908 3908
319 319
2119 2119
9308 9308
1636 1636
6036 6036
9607 9607
8325 8325
2183 2183
2112 2112
6793 6793
4558 4558
7423 7423
4501 4501
9533 9533
5136 5136
7680 7680
8527 8527
5341 5341
3234 3234
6174 6174
5138 5138
9625 9625
9062 9062
46 46
4152 4152
4792 4792
2063 2063
4631 4631
4694 4694
9445 9445
8722 8722
6931 6931
3872 3872
6788 6788
750 750
501 501
3285 3285
1337 1337
1109 1109
2857 2857
231 231
3909 3909
6218 6218
2106 2106
3213 3213
9598 9598
2817 2817
5101 5101
4832 4832
6196 6196
9766 9766
8322 8322
6161 6161
4226 4226
9134 9134
9747 9747
705 705
3095 3095
91 91
4707 4707
7564 7564
4982 4982
4775 4775
8611 8611
4642 4642
1413 1413
3427 3427
4814 4814
1335 1335
4917 4917
6196 6196
222 222
1476 1476
8361 8361
9731 9731
932 932
8169 8169
2199 2199
7735 7735
8750 8750
5099 5099
8872 8872
6510 6510
5633 5633
6267 6267
4649 4649
8306 8306
6258 6258
2268 2268
8051 8051
1193 1193
851 851
4143 4143
8799 8799
7346 7346
7886 7886
247 247
4687 4687
6206 6206
738 738
9296 9296
5864 5864
7334 7334
2907 2907
4077 4077
3683 3683
2480 2480
6204 6204
3308 3308
4752 4752
2732 2732
8997 8997
783 783
498 498
4336 4336
5450 5450
7439 7439
7069 7069
1897 1897
6385 6385
3430 3430
5666 5666
7075 7075
8537 8537
4685 4685
8858 8858
6079 6079
4075 4075
798 798
78 78
6705 6705
2486 2486
7784 7784
6138 6138
2206 2206
7249 7249
5816 5816
3595 3595
3689 3689
7246 7246
2851 2851
882 882
8961 8961
2115 2115
2079 2079
4779 4779
5290 5290
9754 9754
3882 3882
3799 3799
8838 8838
7060 7060
9223 9223
2657 2657
6719 6719
5814 5814
7732 7732
3691 3691
7676 7676
7675 7675
599 599
4045 4045
7521 7521
6947 6947
5004 5004
197 197
749 749
5428 5428
9312 9312
7453 7453
9289 9289
3345 3345
7256 7256
8452 8452
7945 7945
2926 2926
4356 4356
4327 4327
1358 1358
5915 5915
2479 2479
8658 8658
7273 7273
5181 5181
9536 9536
4197 4197
5466 5466
9638 9638
4005 4005
2545 2545
170 170
7894 7894
2638 2638
1139 1139
6246 6246
335 335
8182 8182
5631 5631
6932 6932
4284 4284
996 996
926 926
1873 1873
1278 1278
9642 9642
7014 7014
2377 2377
5541 5541
6276 6276
4934 4934
4404 4404
760 760
7941 7941
8984 8984
4091 4091
4634 4634
8985 8985
3712 3712
2760 2760
3737 3737
758 758
9158 9158
849 849
5256 5256
962 962
2753 2753
3174 3174
3024 3024
509 509
8030 8030
9800 9800
5974 5974
420 420
6225 6225
2384 2384
9094 9094
8509 8509
4337 4337
804 804
7962 7962
1151 1151
6714 6714
2905 2905
2945 2945
651 651
2886 2886
8309 8309
4567 4567
1953 1953
5296 5296
119 119
8669 8669
3078 3078
9631 9631
6692 6692
7932 7932
2173 2173
460 460
2144 2144
8355 8355
5683 5683
7388 7388
4813 4813
3666 3666
8174 8174
6595 6595
2773 2773
6310 6310
120 120
5557 5557
2626 2626
2299 2299
4666 4666
350 350
8666 8666
2494 2494
49 49
6035 6035
6559 6559
6852 6852
1358 1358
7540 7540
6432 6432
7893 7893
9776 9776
5604 5604
5315 5315
9084 9084
7652 7652
1928 1928
9027 9027
7405 7405
3171 3171
4002 4002
7712 7712
8500 8500
6208 6208
9952 9952
5186 5186
8325 8325
955 955
374 374
5438 5438
1818 1818
2929 2929
4209 4209
2714 2714
6763 6763
2913 2913
5858 5858
9754 9754
6237 6237
1807 1807
2438 2438
6352 6352
7063 7063
1513 1513
6541 6541
1515 1515
6431 6431
2203 2203
4373 4373
8682 8682
4769 4769
9878 9878
6356 6356
5551 5551
1961 1961
4305 4305
8071 8071
4855 4855
9010 9010
9367 9367
6662 6662
3716 3716
8018 8018
800 800
5778 5778
8584 8584
6864 6864
9222 9222
5032 5032
3084 3084
1591 1591
2443 2443
7286 7286
3507 3507
6970 6970
3466 3466
3504 3504
854 854
1758 1758
7399 7399
4353 4353
6586 6586
9395 9395
226 226
3268 3268
2078 2078
7638 7638
6217 6217
2095 2095
5784 5784
5819 5819
7195 7195
287 287
4593 4593
2251 2251
8010 8010
3858 3858
7837 7837
8174 8174
4846 4846
9824 9824
2670 2670
9758 9758
9022 9022
6857 6857
992 992
4479 4479
7131 7131
8339 8339
143 143
1733 1733
3393 3393
50 50
9590 9590
3975 3975
5126 5126
3501 3501
2981 2981
8736 8736
1932 1932
2005 2005
5211 5211
7311 7311
7379 7379
9919 9919
3174 3174
2328 2328
3605 3605
7068 7068
2821 2821
8439 8439
4388 4388
26 26
8472 8472
9723 9723
7959 7959
7921 7921
6145 6145
7316 7316
8790 8790
1615 1615
246 246
5134 5134
94 94
9399 9399
8501 8501
8504 8504
2452 2452
5079 5079
2659 2659
2161 2161
6641 6641
2492 2492
1541 1541
5949 5949
1837 1837
9313 9313
9252 9252
8142 8142
2478 2478
2105 2105
5718 5718
5323 5323
1747 1747
825 825
6319 6319
5656 5656
826 826
3706 3706
7933 7933
7108 7108
7190 7190
3606 3606
2212 2212
6970 6970
3 3
5410 5410
8839 8839
9114 9114
4122 4122
7467 7467
5467 5467
2771 2771
4686 4686
2070 2070
990 990
770 770
253 253
5421 5421
6203 6203
3821 3821
2145 2145
7387 7387
6172 6172
6128 6128
199 199
8380 8380
6855 6855
7003 7003
6029 6029
5251 5251
1931 1931
1811 1811
519 519
7571 7571
2425 2425
5782 5782
85 85
2314 2314
6893 6893
1453 1453
3807 3807
2751 2751
394 394
3845 3845
2717 2717
3188 3188
6282 6282
5387 5387
9925 9925
2784 2784
1401 1401
8253 8253
9374 9374
4866 4866
53 53
7807 7807
6620 6620
3648 3648
2297 2297
1010 1010
5922 5922
344 344
6070 6070
9624 9624
614 614
5242 5242
1216 1216
9572 9572
4058 4058
7138 7138
7537 7537
4654 4654
3682 3682
223 223
7471 7471
7258 7258
8929 8929
8258 8258
7380 7380
611 611
8777 8777
4989 4989
2259 2259
4374 4374
7834 7834
8879 8879
2154 2154
8355 8355
8506 8506
2243 2243
1858 1858
7244 7244
7031 7031
7260 7260
9991 9991
238 238
6971 6971
8346 8346
4488 4488
2752 2752
7301 7301
4602 4602
3482 3482
9887 9887
5909 5909
5946 5946
8456 8456
4853 4853
5957 5957
1245 1245
1449 1449
1204 1204
1474 1474
8344 8344
470 470
3644 3644
73 73
810 810
4721 4721
2132 2132
5333 5333
6513 6513
6226 6226
4462 4462
5416 5416
3580 3580
6168 6168
2747 2747
4629 4629
1832 1832
1412 1412
1316 1316
7407 7407
6029 6029
5831 5831
1452 1452
8807 8807
6402 6402
3208 3208
8900 8900
7480 7480
2579 2579
6333 6333
9704 9704
5101 5101
4413 4413
8207 8207
9405 9405
5567 5567
9499 9499
4943 4943
5735 5735
9159 9159
2186 2186
9537 9537
2580 2580
2447 2447
7846 7846
7376 7376
239 239
3329 3329
9244 9244
3460 3460
4223 4223
1170 1170
1015 1015
5704 5704
7458 7458
7079 7079
5524 5524
8256 8256
7209 7209
9899 9899
9170 9170
6814 6814
6441 6441
4689 4689
7436 7436
8942 8942
962 962
4642 4642
6739 6739
4573 4573
3106 3106
8134 8134
763 763
3541 3541
9425 9425
8742 8742
2022 2022
6309 6309
3967 3967
7416 7416
9724 9724
8236 8236
7536 7536
2258 2258
3535 3535
7063 7063
6853 6853
5021 5021
9915 9915
7323 7323
6166 6166
3752 3752
6165 6165
9392 9392
8845 8845
9168 9168
1927 1927
2818 2818
1678 1678
9330 9330
3242 3242
6371 6371
7356 7356
1542 1542
1195 1195
5823 5823
7919 7919
4150 4150
4542 4542
425 425
5069 5069
4228 4228
946 946
2252 2252
4957 4957
5200 5200
5679 5679
156 156
8378 8378
1696 1696
6589 6589
1990 1990
963 963
5911 5911
9847 9847
8119 8119
4427 4427
3910 3910
9036 9036
3840 3840
4649 4649
7196 7196
6073 6073
3897 3897
8396 8396
2599 2599
4549 4549
2045 2045
595 595
8249 8249
6155 6155
8877 8877
5336 5336
4952 4952
9553 9553
6407 6407
528 528
4994 4994
9418 9418
5506 5506
4179 4179
6606 6606
5686 5686
8760 8760
1024 1024
7862 7862
7170 7170
1902 1902
6745 6745
1632 1632
6359 6359
503 503
6210 6210
9524 9524
7906 7906
6969 6969
8782 8782
8847 8847
389 389
3492 3492
8817 8817
8598 8598
5289 5289
4994 4994
8498 8498
473 473
131 131
7161 7161
5107 5107
5263 5263
8355 8355
7282 7282
2548 2548
9379 9379
7244 7244
1789 1789
8721 8721
7737 7737
1445 1445
4146 4146
890 890
2567 2567
2294 2294
9789 9789
765 765
6132 6132
1306 1306
3024 3024
7457 7457
7291 7291
9602 9602
3112 3112
7823 7823
312 312
5107 5107
2270 2270
516 516
6048 6048
9821 9821
6540 6540
4359 4359
2668 2668
138 138
5123 5123
3075 3075
738 738
7962 7962
9713 9713
4047 4047
8229 8229
5266 5266
330 330
4928 4928
8988 8988
8891 8891
9319 9319
4454 4454
6741 6741
6313 6313
5046 5046
8087 8087
7787 7787
974 974
9923 9923
1989 1989
6456 6456
3539 3539
6906 6906
1979 1979
6783 6783
1636 1636
2456 2456
6618 6618
1195 1195
3483 3483
7832 7832
8488 8488
801 801
8416 8416
7812 7812
1393 1393
3707 3707
3520 3520
4358 4358
2670 2670
9542 9542
1418 1418
2654 2654
5953 5953
6977 6977
9031 9031
6270 6270
5287 5287
2765 2765
1840 1840
6855 6855
2225 2225
5927 5927
1013 1013
139 139
1954 1954
9504 9504
4707 4707
6305 6305
1194 1194
3652 3652
6104 6104
1935 1935
5497 5497
5355 5355
4436 4436
6771 6771
1074 1074
9371 9371
6159 6159
854 854
6177 6177
5211 5211
6244 6244
1514 1514
6822 6822
8184 8184
2492 2492
4544 4544
6064 6064
2787 2787
8089 8089
3783 3783
2768 2768
5021 5021
4049 4049
3561 3561
3443 3443
2930 2930
8114 8114
404 404
365 365
8545 8545
4185 4185
7314 7314
4310 4310
5085 5085
9676 9676
8373 8373
7139 7139
9390 9390
9048 9048
8918 8918
8604 8604
8368 8368
4884 4884
2498 2498
9061 9061
5238 5238
2846 2846
4576 4576
5344 5344
6435 6435
590 590
9000 9000
5726 5726
61 61
4616 4616
38 38
3138 3138
3645 3645
2282 2282
799 799
2389 2389
6300 6300
4268 4268
5955 5955
5864 5864
8409 8409
5841 5841
6310 6310
6806 6806
5183 5183
2736 2736
7518 7518
5969 5969
2440 2440
7856 7856
9053 9053
3855 3855
1756 1756
2505 2505
3517 3517
4290 4290
7019 7019
1191 1191
3324 3324
1081 1081
9015 9015
4064 4064
9668 9668
1746 1746
9271 9271
4965 4965
3216 3216
2912 2912
3830 3830
349 349
2760 2760
4705 4705
6162 6162
8787 8787
190 190
5949 5949
6993 6993
7709 7709
7315 7315
6416 6416
7852 7852
5817 5817
6480 6480
6417 6417
2403 2403
8615 8615
5967 5967
7032 7032
5855 5855
89 89
1120 1120
18 18
9110 9110
3350 3350
1876 1876
704 704
7 7
2440 2440
4012 4012
1613 1613
7187 7187
7045 7045
5371 5371
9512 9512
3710 3710
8762 8762
8046 8046
456 456
189 189
9870 9870
4774 4774
3087 3087
6765 6765
1006 1006
7336 7336
5340 5340
9864 9864
3944 3944
7455 7455
1901 1901
6740 6740
1170 1170
1818 1818
937 937
1771 1771
7787 7787
939 939
919 919
885 885
1333 1333
7827 7827
6285 6285
6813 6813
1137 1137
6426 6426
4624 4624
3289 3289
2333 2333
4825 4825
4397 4397
2048 2048
1676 1676
8626 8626
4292 4292
402 402
8040 8040
6648 6648
3269 3269
8047 8047
2054 2054
8271 8271
9748 9748
5949 5949
3564 3564
4977 4977
8224 8224
8827 8827
8186 8186
1932 1932
6262 6262
361 361
5701 5701
677 677
8759 8759
9240 9240
2508 2508
5154 5154
7698 7698
273 273
2777 2777
9030 9030
1457 1457
4612 4612
4771 4771
9267 9267
9468 9468
6738 6738
6162 6162
9736 9736
5044 5044
6498 6498
6041 6041
2040 2040
9395 9395
4708 4708
1767 1767
3011 3011
3997 3997
935 935
6088 6088
2416 2416
1849 1849
5889 5889
3888 3888
8297 8297
4642 4642
1230 1230
6948 6948
4633 4633
4543 4543
7247 7247
1763 1763
1988 1988
5568 5568
3087 3087
1367 1367
4972 4972
6954 6954
9041 9041
3541 3541
3689 3689
5934 5934
8409 8409
14 14
1137 1137
7156 7156
9490 9490
1767 1767
5392 5392
1781 1781
3683 3683
3773 3773
8190 8190
9144 9144
7793 7793
6562 6562
6310 6310
3200 3200
1666 1666
1091 1091
8509 8509
7496 7496
3447 3447
8362 8362
3457 3457
8537 8537
7388 7388
6896 6896
8817 8817
545 545
5709 5709
5638 5638
8110 8110
8652 8652
69 69
8493 8493
5807 5807
3369 3369
1935 1935
4876 4876
3081 3081
8991 8991
9600 9600
2507 2507
2552 2552
7962 7962
8492 8492
9198 9198
1551 1551
1179 1179
9794 9794
8023 8023
9523 9523
4023 4023
6561 6561
9146 9146
688 688
1228 1228
9121 9121
6688 6688
3059 3059
9427 9427
8941 8941
4549 4549
621 621
2029 2029
2674 2674
462 462
1382 1382
5645 5645
7948 7948
5807 5807
5926 5926
6938 6938
6520 6520
9690 9690
4924 4924
7926 7926
8418 8418
7689 7689
2403 2403
5370 5370
7572 7572
2240 2240
4509 4509
7745 7745
532 532
1433 1433
6656 6656
7651 7651
1997 1997
6523 6523
4370 4370
1650 1650
4767 4767
9551 9551
9507 9507
8337 8337
3285 3285
7440 7440
7186 7186
7773 7773
3477 3477
4540 4540
6546 6546
1805 1805
192 192
2157 2157
6557 6557
9687 9687
5861 5861
7190 7190
41 41
9796 9796
4340 4340
3315 3315
3769 3769
3443 3443
6072 6072
1976 1976
8349 8349
4099 4099
3497 3497
3296 3296
6229 6229
7169 7169
2226 2226
7998 7998
4255 4255
3133 3133
653 653
7213 7213
6579 6579
2977 2977
6795 6795
7956 7956
6503 6503
5349 5349
9891 9891
1315 1315
7971 7971
7032 7032
5447 5447
6399 6399
2231 2231
9701 9701
8531 8531
5181 5181
5631 5631
6994 6994
8905 8905
7626 7626
3490 3490
9390 9390
16 16
2711 2711
5159 5159
9713 9713
325 325
3375 3375
2697 2697
1772 1772
975 975
9502 9502
7191 7191
6973 6973
1777 1777
4016 4016
4995 4995
6786 6786
8585 8585
2854 2854
9825 9825
9980 9980
7255 7255
2313 2313
1792 1792
817 817
8175 8175
1455 1455
524 524
6014 6014
5954 5954
387 387
6437 6437
8561 8561
7036 7036
5581 5581
6561 6561
3218 3218
9197 9197
6816 6816
6059 6059
4706 4706
6697 6697
7326 7326
6662 6662
1947 1947
9344 9344
2711 2711
675 675
8751 8751
5419 5419
8731 8731
6334 6334
9406 9406
1640 1640
3568 3568
4642 4642
6241 6241
1215 1215
1113 1113
4645 4645
4220 4220
3951 3951
2056 2056
1430 1430
6717 6717
6266 6266
8495 8495
945 945
6067 6067
579 579
7372 7372
1252 1252
6677 6677
5809 5809
31 31
3739 3739
6269 6269
2686 2686
586 586
5051 5051
3427 3427
1323 1323
460 460
3226 3226
3781 3781
119 119
1162 1162
8143 8143
2446 2446
676 676
9952 9952
8539 8539
9616 9616
337 337
5130 5130
2670 2670
4594 4594
8610 8610
5050 5050
4378 4378
9836 9836
3560 3560
9016 9016
2056 2056
7209 7209
9025 9025
741 741
5885 5885
8416 8416
5495 5495
8598 8598
5346 5346
2647 2647
6259 6259
1455 1455
9807 9807
7490 7490
580 580
9079 9079
4562 4562
4601 4601
9111 9111
7588 7588
9109 9109
2905 2905
8508 8508
6241 6241
6969 6969
3609 3609
6414 6414
4665 4665
2182 2182
3326 3326
6382 6382
8260 8260
1837 1837
4783 4783
4092 4092
6770 6770
3885 3885
9325 9325
637 637
159 159
3641 3641
2077 2077
1288 1288
1171 1171
4213 4213
6234 6234
6793 6793
2600 2600
1517 1517
5762 5762
1499 1499
7925 7925
371 371
3596 3596
2508 2508
3767 3767
3852 3852
2417 2417
5682 5682
5684 5684
7154 7154
8095 8095
654 654
1731 1731
5196 5196
9355 9355
7652 7652
6839 6839
4653 4653
2054 2054
3844 3844
478 478
660 660
7 7
2875 2875
8353 8353
8874 8874
1147 1147
812 812
9650 9650
4601 4601
6637 6637
3672 3672
2362 2362
2467 2467
1042 1042
389 389
8269 8269
9682 9682
5322 5322
5696 5696
9611 9611
9257 9257
9498 9498
4485 4485
6017 6017
6537 6537
4715 4715
2824 2824
2057 2057
9167 9167
2353 2353
7198 7198
4113 4113
9888 9888
3676 3676
6195 6195
9020 9020
1052 1052
828 828
9830 9830
2332 2332
5289 5289
7518 7518
316 316
5839 5839
8888 8888
8127 8127
5562 5562
7301 7301
8682 8682
2641 2641
2339 2339
9714 9714
5935 5935
5164 5164
9655 9655
7690 7690
8299 8299
8046 8046
5986 5986
4201 4201
2280 2280
673 673
12 12
8062 8062
8563 8563
4635 4635
8269 8269
8979 8979
6618 6618
666 666
2501 2501
3124 3124
9042 9042
3756 3756
9317 9317
9369 9369
1349 1349
7667 7667
8518 8518
6736 6736
5527 5527
7363 7363
2973 2973
8325 8325
8265 8265
3665 3665
8634 8634
4786 4786
9271 9271
1208 1208
6078 6078
9583 9583
959 959
5275 5275
5726 5726
4269 4269
1184 1184
1463 1463
1545 1545
7436 7436
2190 2190
6436 6436
104 104
4006 4006
1573 1573
6495 6495
6092 6092
2273 2273
2118 2118
1050 1050
931 931
4895 4895
4051 4051
432 432
7161 7161
6100 6100
3114 3114
7555 7555
8884 8884
1737 1737
5534 5534
3411 3411
7271 7271
6980 6980
6017 6017
6607 6607
635 635
6921 6921
7376 7376
8966 8966
116 116
6100 6100
3005 3005
2034 2034
5667 5667
6445 6445
8462 8462
7892 7892
87 87
4971 4971
1757 1757
5885 5885
4357 4357
5985 5985
3987 3987
2245 2245
9242 9242
8321 8321
2429 2429
5763 5763
5358 5358
2970 2970
6078 6078
5578 5578
3509 3509
8849 8849
7309 7309
7130 7130
4019 4019
6145 6145
8216 8216
8779 8779
2304 2304
2335 2335
7310 7310
2939 2939
5644 5644
4006 4006
1485 1485
2083 2083
7833 7833
1239 1239
7684 7684
7303 7303
3503 3503
1436 1436
3763 3763
3587 3587
9151 9151
3752 3752
6917 6917
2325 2325
5172 5172
7428 7428
8172 8172
4795 4795
2716 2716
9161 9161
8387 8387
1148 1148
146 146
3008 3008
505 505
2723 2723
5985 5985
2412 2412
5006 5006
3346 3346
3984 3984
1118 1118
6068 6068
7889 7889
2497 2497
7333 7333
2368 2368
9351 9351
9087 9087
6849 6849
1538 1538
3770 3770
1221 1221
1781 1781
5858 5858
1095 1095
7891 7891
5659 5659
7267 7267
2829 2829
5781 5781
7771 7771
383 383
5694 5694
5887 5887
4466 4466
885 885
1253 1253
7837 7837
2798 2798
7057 7057
2242 2242
4878 4878
5639 5639
4393 4393
4488 4488
2949 2949
2245 2245
9014 9014
7480 7480
3286 3286
593 593
8962 8962
8313 8313
896 896
8881 8881
6113 6113
8319 8319
7130 7130
6051 6051
2563 2563
3195 3195
7915 7915
9417 9417
8966 8966
7778 7778
7464 7464
624 624
9415 9415
6703 6703
9601 9601
1958 1958
927 927
8347 8347
2178 2178
3842 3842
789 789
1294 1294
4415 4415
1607 1607
7789 7789
4480 4480
6878 6878
6490 6490
1900 1900
6837 6837
8551 8551
1020 1020
9824 9824
4379 4379
1365 1365
9815 9815
8119 8119
4574 4574
7877 7877
7455 7455
4966 4966
6158 6158
1809 1809
1943 1943
7599 7599
6091 6091
9517 9517
7290 7290
4805 4805
7711 7711
916 916
6510 6510
5863 5863
2216 2216
5201 5201
1016 1016
2270 2270
6955 6955
9284 9284
1625 1625
2334 2334
8176 8176
4423 4423
476 476
3131 3131
4265 4265
7877 7877
5904 5904
4080 4080
5984 5984
2148 2148
3681 3681
2925 2925
7380 7380
2964 2964
8405 8405
1 1
773 773
5234 5234
4166 4166
6268 6268
6714 6714
8865 8865
6466 6466
1510 1510
5811 5811
3220 3220
6188 6188
613 613
8023 8023
8979 8979
8431 8431
4198 4198
8418 8418
616 616
9564 9564
8749 8749
7813 7813
5468 5468
8677 8677
2440 2440
3724 3724
6073 6073
7292 7292
7619 7619
1954 1954
7851 7851
9322 9322
3106 3106
6287 6287
3518 3518
714 714
7812 7812
9202 9202
2141 2141
2838 2838
3059 3059
8692 8692
2288 2288
2023 2023
2766 2766
1655 1655
7922 7922
8404 8404
7757 7757
5945 5945
2290 2290
8131 8131
7824 7824
593 593
1850 1850
2714 2714
7478 7478
1418 1418
6548 6548
9703 9703
3239 3239
4125 4125
2182 2182
2719 2719
1699 1699
7818 7818
6006 6006
6811 6811
9524 9524
2018 2018
9915 9915
6501 6501
4378 4378
4798 4798
7884 7884
5978 5978
971 971
9302 9302
8667 8667
8641 8641
1434 1434
6635 6635
9170 9170
3238 3238
2070 2070
6991 6991
7008 7008
2118 2118
3946 3946
5533 5533
3057 3057
9978 9978
5867 5867
8170 8170
8205 8205
4814 4814
8790 8790
1291 1291
6424 6424
6699 6699
728 728
653 653
5581 5581
3600 3600
8941 8941
2090 2090
1286 1286
8516 8516
9401 9401
7600 7600
5984 5984
8724 8724
2737 2737
9065 9065
6645 6645
5152 5152
5188 5188
8023 8023
7329 7329
6605 6605
651 651
9073 9073
2502 2502
3240 3240
1979 1979
9806 9806
8491 8491
3455 3455
3890 3890
464 464
7998 7998
3524 3524
1261 1261
7518 7518
2775 2775
3330 3330
7440 7440
5219 5219
6871 6871
206 206
3163 3163
8105 8105
8649 8649
2581 2581
8490 8490
1290 1290
467 467
5936 5936
4159 4159
4576 4576
9444 9444
5353 5353
3063 3063
2632 2632
3947 3947
9558 9558
6997 6997
3116 3116
8 8
8930 8930
5828 5828
7631 7631
1901 1901
7054 7054
8248 8248
2561 2561
2344 2344
4919 4919
4024 4024
9446 9446
6830 6830
6958 6958
2093 2093
1587 1587
833 833
4585 4585
3784 3784
8979 8979
6033 6033
7044 7044
7680 7680
5316 5316
7563 7563
7208 7208
6670 6670
1172 1172
7719 7719
484 484
9905 9905
4493 4493
2137 2137
7593 7593
9498 9498
9868 9868
3586 3586
5502 5502
8658 8658
3085 3085
2382 2382
6373 6373
8581 8581
2805 2805
9236 9236
8643 8643
7099 7099
9970 9970
6792 6792
3177 3177
5211 5211
7554 7554
2065 2065
9338 9338
8202 8202
1542 1542
7259 7259
8636 8636
5478 5478
2364 2364
1163 1163
8744 8744
5954 5954
4378 4378
3956 3956
4327 4327
7615 7615
8107 8107
1167 1167
8162 8162
209 209
2249 2249
3724 3724
7846 7846
1599 1599
7875 7875
7589 7589
9482 9482
9350 9350
7155 7155
4482 4482
7715 7715
2902 2902
2780 2780
4536 4536
7892 7892
2045 2045
7256 7256
6790 6790
6971 6971
874 874
7103 7103
4776 4776
6704 6704
5924 5924
9521 9521
5659 5659
1713 1713
4941 4941
6010 6010
162 162
5956 5956
5597 5597
3269 3269
156 156
6565 6565
3726 3726
1607 1607
9635 9635
9480 9480
2259 2259
7070 7070
2682 2682
8530 8530
7918 7918
7026 7026
1117 1117
9794 9794
7455 7455
1019 1019
5089 5089
6987 6987
5268 5268
7877 7877
6992 6992
3912 3912
6966 6966
2077 2077
2352 2352
8232 8232
2247 2247
8774 8774
7561 7561
2252 2252
7143 7143
9558 9558
7236 7236
2707 2707
2314 2314
9876 9876
4992 4992
1731 1731
9073 9073
8614 8614
4667 4667
6982 6982
8918 8918
8442 8442
3734 3734
5680 5680
1073 1073
1278 1278
7571 7571
2395 2395
7548 7548
3065 3065
4709 4709
9259 9259
7280 7280
9849 9849
3887 3887
8131 8131
6904 6904
5585 5585
9306 9306
2791 2791
6519 6519
5631 5631
4023 4023
2552 2552
351 351
8266 8266
4150 4150
7853 7853
5358 5358
1312 1312
4720 4720
4761 4761
4131 4131
7682 7682
4257 4257
2771 2771
6639 6639
1886 1886
6501 6501
6710 6710
8527 8527
4462 4462
1930 1930
1157 1157
7878 7878
7390 7390
147 147
3734 3734
2683 2683
3786 3786
6293 6293
8386 8386
9317 9317
3985 3985
1265 1265
6437 6437
4743 4743
7464 7464
4579 4579
9618 9618
5868 5868
2237 2237
2840 2840
6879 6879
386 386
9146 9146
2095 2095
5939 5939
9434 9434
4187 4187
2282 2282
4485 4485
8841 8841
3270 3270
4979 4979
4323 4323
9325 9325
5908 5908
1834 1834
8937 8937
6989 6989
3308 3308
3987 3987
4136 4136
7193 7193
2535 2535
6343 6343
3097 3097
4378 4378
9073 9073
7444 7444
2623 2623
6241 6241
7506 7506
661 661
3875 3875
516 516
9029 9029
6666 6666
5223 5223
9506 9506
5230 5230
5546 5546
4953 4953
7005 7005
369 369
8602 8602
1393 1393
168 168
6582 6582
2406 2406
4563 4563
2464 2464
5990 5990
417 417
3194 3194
8407 8407
6627 6627
2162 2162
6389 6389
9659 9659
2188 2188
2818 2818
4437 4437
9489 9489
6584 6584
8882 8882
5368 5368
4797 4797
9132 9132
9976 9976
7750 7750
2698 2698
9931 9931
1737 1737
5237 5237
4941 4941
9043 9043
8924 8924
7195 7195
6253 6253
6751 6751
132 132
229 229
1501 1501
2241 2241
978 978
2856 2856
9797 9797
9559 9559
1836 1836
2777 2777
4080 4080
9261 9261
1531 1531
9544 9544
2655 2655
2276 2276
245 245
9475 9475
9862 9862
9256 9256
7213 7213
4512 4512
7356 7356
5481 5481
8729 8729
7986 7986
3750 3750
8234 8234
305 305
7215 7215
7653 7653
9240 9240
4862 4862
7197 7197
1039 1039
5760 5760
5473 5473
9858 9858
8801 8801
6529 6529
474 474
6908 6908
3374 3374
7216 7216
2107 2107
3993 3993
4156 4156
1741 1741
7819 7819
4130 4130
7200 7200
5984 5984
259 259
1156 1156
7178 7178
9583 9583
8666 8666
6899 6899
9527 9527
422 422
2259 2259
8491 8491
8385 8385
7448 7448
5144 5144
6610 6610
8081 8081
9902 9902
7289 7289
5057 5057
2743 2743
3813 3813
9184 9184
4541 4541
7675 7675
3732 3732
863 863
4899 4899
8118 8118
6429 6429
8973 8973
9751 9751
5432 5432
3362 3362
1882 1882
747 747
3423 3423
9688 9688
3564 3564
7417 7417
709 709
6464 6464
8618 8618
3 3
6947 6947
3892 3892
7172 7172
8543 8543
615 615
4508 4508
381 381
7235 7235
4714 4714
4342 4342
819 819
2798 2798
5447 5447
4354 4354
7110 7110
9811 9811
6557 6557
7098 7098
7177 7177
2007 2007
7904 7904
9632 9632
6476 6476
6739 6739
6049 6049
7716 7716
4173 4173
6160 6160
4426 4426
811 811
2549 2549
3372 3372
1121 1121
6506 6506
4058 4058
4183 4183
7257 7257
9414 9414
9333 9333
9487 9487
3121 3121
8994 8994
3379 3379
4027 4027
3581 3581
5021 5021
6730 6730
5294 5294
2962 2962
6132 6132
5039 5039
7611 7611
6206 6206
4088 4088
600 600
1489 1489
9870 9870
5670 5670
6456 6456
2609 2609
2412 2412
5978 5978
8802 8802
2850 2850
2105 2105
1627 1627
6202 6202
5591 5591
8878 8878
8967 8967
3891 3891
4040 4040
3878 3878
3590 3590
1551 1551
2328 2328
8907 8907
6240 6240
2217 2217
7231 7231
3989 3989
9629 9629
7342 7342
460 460
3424 3424
9342 9342
7370 7370
2645 2645
2015 2015
6003 6003
9277 9277
2176 2176
8010 8010
2154 2154
5047 5047
3196 3196
7821 7821
6448 6448
5039 5039
240 240
7679 7679
788 788
5432 5432
4120 4120
1900 1900
5915 5915
9296 9296
8990 8990
9795 9795
2453 2453
3592 3592
5871 5871
2385 2385
7136 7136
2526 2526
6746 6746
1399 1399
7511 7511
7110 7110
8468 8468
8119 8119
2444 2444
2550 2550
8453 8453
7095 7095
834 834
3466 3466
169 169
8595 8595
7974 7974
1925 1925
4097 4097
230 230
8716 8716
2875 2875
5646 5646
5963 5963
4691 4691
2488 2488
4925 4925
9619 9619
5807 5807
2652 2652
2444 2444
6317 6317
6579 6579
9437 9437
6250 6250
8241 8241
3730 3730
6462 6462
2044 2044
4538 4538
1397 1397
1513 1513
5332 5332
4357 4357
4390 4390
1091 1091
20 20
8555 8555
8092 8092
7497 7497
154 154
7800 7800
612 612
5469 5469
6552 6552
9207 9207
9495 9495
976 976
3600 3600
6490 6490
7049 7049
5541 5541
8572 8572
1058 1058
537 537
6427 6427
9659 9659
2806 2806
8194 8194
4379 4379
7697 7697
4784 4784
3780 3780
1795 1795
8220 8220
6446 6446
6788 6788
6881 6881
6202 6202
9908 9908
2168 2168
8682 8682
7426 7426
5616 5616
6062 6062
2681 2681
1724 1724
4362 4362
2019 2019
186 186
2788 2788
6210 6210
1391 1391
482 482
3261 3261
7692 7692
1847 1847
8516 8516
844 844
7427 7427
276 276
6133 6133
7837 7837
6379 6379
9677 9677
7721 7721
120 120
8062 8062
4011 4011
9328 9328
4261 4261
5638 5638
3437 3437
7329 7329
4147 4147
5323 5323
6110 6110
2400 2400
946 946
1922 1922
5718 5718
6248 6248
2638 2638
7030 7030
2760 2760
8181 8181
6709 6709
104 104
5703 5703
2841 2841
7108 7108
562 562
1934 1934
2974 2974
8049 8049
7211 7211
3919 3919
8174 8174
5735 5735
1706 1706
3353 3353
3092 3092
9541 9541
7271 7271
9174 9174
4079 4079
5198 5198
3224 3224
3941 3941
6341 6341
5877 5877
5624 5624
7563 7563
1694 1694
9349 9349
8179 8179
9236 9236
7136 7136
6629 6629
863 863
684 684
5549 5549
6258 6258
9337 9337
3224 3224
3472 3472
5086 5086
1860 1860
9481 9481
3945 3945
386 386
6150 6150
5983 5983
1892 1892
8378 8378
3685 3685
2419 2419
9419 9419
1528 1528
6414 6414
1650 1650
4601 4601
1466 1466
4843 4843
6262 6262
5330 5330
9949 9949
156 156
5278 5278
8393 8393
4808 4808
2500 2500
4250 4250
6383 6383
924 924
1113 1113
7668 7668
1438 1438
9153 9153
2102 2102
685 685
9175 9175
9973 9973
1639 1639
3213 3213
4405 4405
1807 1807
873 873
9533 9533
3726 3726
8814 8814
643 643
2813 2813
1795 1795
9759 9759
2969 2969
6768 6768
9956 9956
3465 3465
8788 8788
2585 2585
6183 6183
2213 2213
5752 5752
6869 6869
7568 7568
1764 1764
2748 2748
3538 3538
4120 4120
3029 3029
2759 2759
3572 3572
113 113
3834 3834
7028 7028
2399 2399
6554 6554
4008 4008
788 788
1279 1279
6066 6066
7925 7925
7505 7505
8434 8434
202 202
1695 1695
3532 3532
4080 4080
9112 9112
9850 9850
2216 2216
857 857
5958 5958
6618 6618
3609 3609
5022 5022
2216 2216
3141 3141
382 382
8778 8778
7063 7063
2831 2831
1865 1865
2687 2687
213 213
6613 6613
115 115
3454 3454
5299 5299
2051 2051
7594 7594
824 824
232 232
1428 1428
7621 7621
7080 7080
1651 1651
8433 8433
3032 3032
8412 8412
8766 8766
1150 1150
2867 2867
5891 5891
7729 7729
7829 7829
8365 8365
5430 5430
8287 8287
7277 7277
8915 8915
6551 6551
5089 5089
6648 6648
6324 6324
5142 5142
1214 1214
7958 7958
1948 1948
6272 6272
2060 2060
3770 3770
7982 7982
4219 4219
1880 1880
6809 6809
1195 1195
1706 1706
6261 6261
6839 6839
3061 3061
8435 8435
7201 7201
4663 4663
3041 3041
5165 5165
7956 7956
1363 1363
1220 1220
2041 2041
8962 8962
6794 6794
3940 3940
8913 8913
9660 9660
9532 9532
1905 1905
4053 4053
78 78
3184 3184
5400 5400
5798 5798
9109 9109
7025 7025
5889 5889
8618 8618
1841 1841
3492 3492
6605 6605
5762 5762
7267 7267
236 236
3799 3799
5237 5237
8817 8817
4974 4974
2114 2114
169 169
9771 9771
7972 7972
920 920
8325 8325
5526 5526
2771 2771
9950 9950
661 661
5747 5747
2270 2270
6558 6558
6707 6707
6624 6624
4610 4610
5395 5395
8154 8154
3968 3968
8177 8177
5415 5415
5461 5461
756 756
9860 9860
9431 9431
445 445
228 228
7836 7836
335 335
8366 8366
1189 1189
3604 3604
8257 8257
2048 2048
1695 1695
2820 2820
9098 9098
7880 7880
3027 3027
9177 9177
9764 9764
5161 5161
71 71
9786 9786
3452 3452
2836 2836
5619 5619
9228 9228
3714 3714
3008 3008
895 895
8148 8148
7691 7691
8691 8691
5665 5665
9451 9451
3740 3740
4781 4781
3631 3631
9931 9931
9971 9971
5943 5943
157 157
5495 5495
373 373
8802 8802
8334 8334
7634 7634
3395 3395
4257 4257
9794 9794
9412 9412
8339 8339
